0 0.031931 0.122321 0.033749 0.050000
5 0.070093 0.825446 0.140186 0.079464
0 0.070093 0.120982 0.029076 0.050893
0 0.108255 0.120536 0.036864 0.051786
0 0.146417 0.119196 0.031153 0.052679
12 0.176272 0.053571 0.063863 0.039286
0 0.182762 0.118304 0.034268 0.054464
0 0.218847 0.118304 0.028557 0.054464
13 0.252856 0.053571 0.046729 0.041071
0 0.255452 0.119643 0.034268 0.055357
0 0.292056 0.118304 0.034787 0.050893
14 0.301402 0.056250 0.026480 0.042857
14 0.332555 0.054911 0.023364 0.040179
14 0.362409 0.055804 0.024922 0.041964
16 0.489356 0.056696 0.044133 0.049107
40 0.365265 0.909821 0.025441 0.044643
