12 0.165630 0.067105 0.065319 0.034211
0 0.070762 0.134211 0.032659 0.050000
5 0.848756 0.807895 0.112753 0.071053
3 0.447512 0.796053 0.024106 0.039474
14 0.291991 0.071053 0.022551 0.034211
8 0.949067 0.922368 0.059876 0.078947
2 0.822706 0.628947 0.085537 0.176316
0 0.218896 0.132895 0.031882 0.047368
3 0.166019 0.889474 0.022551 0.039474
3 0.250000 0.848684 0.022551 0.039474
3 0.728227 0.844737 0.024106 0.042105
14 0.321540 0.071053 0.022551 0.034211
0 0.107698 0.132895 0.030327 0.052632
0 0.293546 0.132895 0.030327 0.052632
9 0.234448 0.727632 0.134526 0.021053
3 0.644246 0.819079 0.022551 0.038158
0 0.183515 0.133553 0.032659 0.051316
0 0.144635 0.134211 0.035770 0.052632
13 0.244557 0.068421 0.055210 0.034211
3 0.551711 0.801974 0.025661 0.040789
9 0.672240 0.715132 0.112753 0.019737
2 0.668740 0.576974 0.079316 0.246053
7 0.041602 0.924342 0.055210 0.082895
9 0.545101 0.722368 0.102644 0.021053
6 0.102255 0.811842 0.067652 0.110526
0 0.032659 0.134211 0.035770 0.052632
0 0.256610 0.133553 0.034215 0.051316
16 0.477838 0.070395 0.045879 0.040789
3 0.341757 0.817105 0.024106 0.039474
14 0.350311 0.071711 0.024106 0.038158
2 0.530327 0.615132 0.130638 0.182895
9 0.813375 0.736184 0.094868 0.019737
1 0.239502 0.611842 0.113530 0.192105
