0 0.031672 0.119196 0.036345 0.054464
0 0.070093 0.119196 0.031153 0.054464
5 0.071391 0.827679 0.136552 0.075000
12 0.164330 0.054911 0.064901 0.040179
13 0.240914 0.054911 0.050883 0.041964
14 0.288422 0.057589 0.023364 0.041964
14 0.318276 0.058482 0.024922 0.043750
41 0.347612 0.694643 0.043094 0.071429
14 0.348650 0.058036 0.027518 0.046429
41 0.428349 0.852232 0.044652 0.074107
41 0.437954 0.949107 0.044133 0.071429
16 0.475078 0.056250 0.040498 0.046429
40 0.347092 0.545089 0.044133 0.054464
