1 0.232893 0.601974 0.128305 0.201316
35 0.716563 0.473026 0.162519 0.096053
2 0.563375 0.514474 0.106532 0.144737
35 0.716563 0.601974 0.164075 0.146053
12 0.179238 0.068421 0.069207 0.034211
8 0.935848 0.920395 0.038103 0.077632
0 0.024495 0.719079 0.031882 0.056579
0 0.068818 0.132895 0.031882 0.052632
0 0.220062 0.133553 0.034215 0.056579
2 0.854588 0.507895 0.101089 0.178947
5 0.849145 0.805263 0.108865 0.071053
3 0.445179 0.801316 0.024106 0.039474
16 0.490280 0.071053 0.044323 0.039474
6 0.102255 0.826316 0.067652 0.110526
13 0.256998 0.068421 0.055210 0.039474
0 0.106532 0.132895 0.032659 0.052632
3 0.547823 0.809211 0.025661 0.044737
3 0.644246 0.834211 0.022551 0.042105
9 0.246501 0.720395 0.122862 0.022368
9 0.557543 0.619079 0.130638 0.022368
0 0.144635 0.132237 0.034215 0.053947
14 0.333204 0.070395 0.022551 0.035526
15 0.303655 0.070395 0.022551 0.035526
3 0.246112 0.864474 0.022551 0.039474
0 0.181960 0.132895 0.034215 0.052632
14 0.362753 0.071053 0.025661 0.039474
7 0.039658 0.921053 0.059098 0.102632
0 0.029938 0.132895 0.030327 0.047368
0 0.024106 0.776974 0.029549 0.053947
0 0.024106 0.665132 0.026439 0.046053
0 0.023328 0.601974 0.027994 0.053947
0 0.023328 0.546053 0.027994 0.050000
0 0.023328 0.433553 0.026439 0.051316
9 0.858476 0.626316 0.115086 0.021053
3 0.337481 0.821711 0.020218 0.032895
0 0.024106 0.376974 0.027994 0.046053
