1 0.237558 0.616447 0.120529 0.177632
12 0.166019 0.068421 0.069207 0.034211
6 0.100700 0.811184 0.069207 0.109211
0 0.519440 0.135526 0.035770 0.052632
0 0.370529 0.133553 0.031882 0.051316
0 0.408631 0.132895 0.031882 0.052632
0 0.593701 0.133553 0.031882 0.051316
8 0.949456 0.926974 0.057543 0.077632
14 0.321540 0.070395 0.024106 0.038158
3 0.325428 0.823684 0.024106 0.039474
0 0.480560 0.134211 0.027994 0.052632
13 0.244946 0.065789 0.055988 0.039474
0 0.632193 0.130263 0.034215 0.052632
0 0.183126 0.134211 0.031882 0.057895
7 0.041602 0.926316 0.055210 0.089474
3 0.581260 0.805263 0.024106 0.034211
3 0.113530 0.927632 0.020218 0.034211
0 0.445179 0.133553 0.031882 0.051316
0 0.069596 0.136184 0.030327 0.046053
0 0.108865 0.138158 0.034215 0.050000
0 0.556376 0.133553 0.030327 0.051316
2 0.743002 0.571053 0.216952 0.234211
0 0.144246 0.133553 0.031882 0.056579
0 0.293935 0.134211 0.034215 0.052632
3 0.500389 0.805263 0.025661 0.034211
5 0.849533 0.807895 0.112753 0.071053
0 0.219285 0.136842 0.035770 0.052632
14 0.351089 0.071053 0.024106 0.039474
0 0.031882 0.133553 0.035770 0.056579
0 0.331260 0.134868 0.035770 0.051316
17 0.535770 0.067105 0.041991 0.039474
3 0.407854 0.809211 0.024106 0.039474
0 0.257387 0.134868 0.034215 0.056579
3 0.797823 0.869737 0.020218 0.034211
3 0.245723 0.851974 0.018663 0.032895
14 0.291991 0.070395 0.024106 0.038158
3 0.737170 0.843421 0.021773 0.034211
3 0.662131 0.821711 0.022551 0.038158
3 0.176516 0.888816 0.018663 0.032895
16 0.479782 0.071053 0.041991 0.044737
9 0.750778 0.720395 0.240280 0.014474
9 0.240669 0.732237 0.134526 0.017105
