0 0.031153 0.119196 0.037383 0.056250
0 0.069315 0.120089 0.033749 0.050893
5 0.069834 0.826786 0.139668 0.075000
0 0.107217 0.118304 0.033749 0.050893
0 0.146158 0.118304 0.032710 0.052679
12 0.161215 0.052232 0.060748 0.040179
0 0.180945 0.117857 0.031672 0.055357
0 0.217549 0.119643 0.030114 0.053571
13 0.239616 0.052232 0.053479 0.040179
0 0.255192 0.118750 0.031672 0.058929
14 0.289720 0.055357 0.025961 0.041071
0 0.293614 0.122321 0.033749 0.055357
14 0.319574 0.056250 0.025441 0.042857
0 0.332295 0.120982 0.035306 0.056250
14 0.350467 0.054911 0.024922 0.041964
16 0.476895 0.055357 0.044133 0.046429
41 0.549065 0.733929 0.039979 0.073214
41 0.545691 0.846429 0.044652 0.076786
40 0.498442 0.591964 0.029076 0.058929
40 0.612928 0.604018 0.032710 0.058036
