34 0.362364 0.692105 0.116641 0.278947
34 0.508942 0.321711 0.117418 0.277632
34 0.214619 0.695395 0.115086 0.272368
34 0.655132 0.324342 0.115863 0.277632
13 0.256998 0.071711 0.050544 0.035526
28 0.809098 0.696053 0.118974 0.268421
12 0.181182 0.071053 0.069984 0.034211
34 0.361975 0.321711 0.117418 0.277632
3 0.307932 0.197368 0.026439 0.042105
34 0.801322 0.325658 0.117418 0.275000
5 0.071540 0.826316 0.143079 0.068421
27 0.802877 0.490132 0.047434 0.030263
3 0.748445 0.199342 0.025661 0.040789
27 0.596812 0.876316 0.045879 0.034211
27 0.657465 0.488816 0.044323 0.030263
14 0.333593 0.074342 0.024883 0.040789
27 0.216174 0.488816 0.043546 0.030263
27 0.364697 0.488158 0.046656 0.031579
14 0.304821 0.073684 0.023328 0.039474
27 0.678460 0.702632 0.050544 0.031579
27 0.674184 0.877632 0.045101 0.031579
27 0.519051 0.876316 0.045879 0.034211
0 0.070373 0.136184 0.030327 0.056579
27 0.510498 0.488158 0.044323 0.031579
16 0.491835 0.073684 0.045879 0.042105
3 0.454899 0.198026 0.024883 0.040789
27 0.599922 0.703947 0.050544 0.031579
14 0.364697 0.074342 0.024883 0.040789
3 0.601866 0.200658 0.024883 0.040789
3 0.307543 0.567763 0.022551 0.035526
3 0.162131 0.569079 0.024106 0.038158
27 0.216563 0.857237 0.047434 0.030263
14 0.596423 0.821053 0.027994 0.047368
0 0.033048 0.137500 0.033437 0.051316
34 0.215785 0.321711 0.118974 0.280263
3 0.162131 0.200000 0.025661 0.039474
27 0.812986 0.856579 0.053655 0.031579
0 0.146967 0.136842 0.031104 0.044737
27 0.367030 0.857237 0.051322 0.032895
0 0.519829 0.643421 0.027216 0.044737
0 0.181960 0.137500 0.031104 0.043421
0 0.599145 0.643421 0.030327 0.050000
0 0.109253 0.136184 0.028771 0.048684
27 0.521384 0.703289 0.050544 0.030263
0 0.221617 0.138816 0.034215 0.043421
0 0.673795 0.646711 0.036547 0.056579
14 0.517496 0.817105 0.028771 0.050000
14 0.674184 0.818421 0.029549 0.050000
