12 0.178460 0.071053 0.067652 0.034211
8 0.947900 0.926974 0.057543 0.077632
3 0.445956 0.802632 0.022551 0.039474
0 0.108476 0.134868 0.031882 0.059211
0 0.185459 0.134868 0.030327 0.046053
13 0.256610 0.069737 0.051322 0.034211
5 0.849145 0.807895 0.110420 0.071053
3 0.550156 0.811842 0.022551 0.039474
6 0.103033 0.826316 0.069207 0.113158
0 0.070373 0.133553 0.030327 0.051316
0 0.256610 0.132895 0.034215 0.052632
9 0.762053 0.723026 0.102644 0.014474
0 0.293935 0.134868 0.035770 0.046053
3 0.248445 0.867105 0.024106 0.034211
14 0.333981 0.071053 0.024106 0.039474
17 0.549767 0.072368 0.043546 0.039474
7 0.042768 0.927632 0.055988 0.089474
3 0.340202 0.826316 0.022551 0.039474
0 0.144246 0.134868 0.038103 0.059211
3 0.645023 0.834211 0.022551 0.044737
1 0.216952 0.601974 0.160187 0.201316
2 0.758165 0.583553 0.093313 0.227632
0 0.221229 0.133553 0.031882 0.046053
0 0.370529 0.134211 0.031882 0.052632
0 0.330093 0.136184 0.038103 0.046053
0 0.032659 0.138816 0.034215 0.051316
16 0.491058 0.071053 0.047434 0.039474
20 0.958398 0.827632 0.031882 0.052632
0 0.406687 0.133553 0.027994 0.051316
9 0.557543 0.713816 0.073095 0.019737
14 0.304432 0.071053 0.022551 0.034211
9 0.660187 0.705263 0.073095 0.015789
2 0.553655 0.638816 0.055988 0.088158
2 0.654355 0.632895 0.052100 0.084211
9 0.250389 0.723684 0.122862 0.021053
