3 0.171073 0.711184 0.026439 0.040789
3 0.171073 0.398684 0.026439 0.044737
3 0.720062 0.709211 0.026439 0.042105
3 0.309098 0.397368 0.024106 0.042105
3 0.309098 0.711184 0.025661 0.040789
3 0.583204 0.709211 0.026439 0.042105
3 0.721229 0.396711 0.025661 0.040789
3 0.583204 0.397368 0.026439 0.042105
3 0.307543 0.084211 0.025661 0.039474
3 0.172240 0.086842 0.025661 0.039474
3 0.446734 0.709868 0.022551 0.038158
3 0.446734 0.400658 0.022551 0.038158
3 0.585148 0.086842 0.025661 0.034211
3 0.448289 0.087500 0.024106 0.035526
3 0.722784 0.089474 0.024106 0.039474
5 0.070373 0.830263 0.140746 0.071053
34 0.223173 0.215132 0.118196 0.280263
34 0.360420 0.213158 0.117418 0.273684
34 0.498834 0.215789 0.117418 0.276316
34 0.635303 0.216447 0.116641 0.269737
34 0.773717 0.213816 0.116641 0.269737
34 0.224339 0.527632 0.115863 0.276316
34 0.361586 0.525000 0.118196 0.276316
34 0.498056 0.528289 0.118974 0.269737
34 0.636470 0.526974 0.114308 0.269737
34 0.774106 0.524342 0.114308 0.272368
34 0.223561 0.838158 0.115863 0.268421
34 0.360809 0.836842 0.115086 0.273684
34 0.498056 0.836842 0.115863 0.273684
34 0.635692 0.838158 0.115863 0.271053
34 0.773328 0.838816 0.118974 0.269737
