2 0.735614 0.578947 0.144635 0.242105
12 0.178460 0.065789 0.070762 0.034211
8 0.948678 0.921711 0.059098 0.080263
7 0.041602 0.925000 0.056765 0.086842
6 0.102255 0.826316 0.067652 0.110526
0 0.219673 0.131579 0.034992 0.052632
1 0.215785 0.600000 0.164075 0.202632
35 0.538491 0.602632 0.164075 0.128947
13 0.256998 0.067105 0.056765 0.036842
0 0.068429 0.132895 0.032659 0.052632
5 0.849533 0.805921 0.109642 0.072368
0 0.143079 0.131579 0.032659 0.052632
0 0.257387 0.133553 0.031104 0.051316
3 0.444790 0.800000 0.023328 0.039474
0 0.106532 0.132895 0.034215 0.052632
0 0.180404 0.130921 0.034215 0.051316
16 0.488725 0.071053 0.048989 0.042105
3 0.339425 0.824342 0.022551 0.038158
9 0.247278 0.719079 0.125972 0.025000
3 0.548212 0.808553 0.023328 0.040789
0 0.030327 0.132237 0.034215 0.051316
3 0.245723 0.863816 0.021773 0.038158
14 0.302488 0.070395 0.024883 0.038158
3 0.643079 0.832237 0.024883 0.040789
9 0.735614 0.725658 0.163297 0.017105
14 0.332426 0.070395 0.022551 0.038158
14 0.361586 0.070395 0.026439 0.040789
36 0.732893 0.753289 0.052100 0.022368
