12 0.166019 0.067763 0.067652 0.035526
3 0.446734 0.797368 0.025661 0.042105
1 0.239502 0.618421 0.113530 0.181579
3 0.549378 0.800658 0.025661 0.043421
0 0.331649 0.134211 0.033437 0.055263
13 0.243390 0.067105 0.054432 0.039474
3 0.644246 0.817105 0.025661 0.042105
14 0.320762 0.069737 0.022551 0.036842
0 0.370140 0.132895 0.035770 0.055263
7 0.042379 0.926316 0.056765 0.084211
5 0.850700 0.808553 0.119751 0.075000
0 0.443624 0.134211 0.031882 0.052632
14 0.291602 0.069079 0.023328 0.038158
0 0.294323 0.135526 0.030327 0.055263
6 0.103810 0.811842 0.069207 0.113158
14 0.350311 0.068421 0.025661 0.039474
8 0.948289 0.928947 0.058320 0.071053
0 0.072706 0.136184 0.033437 0.051316
0 0.183904 0.135526 0.033437 0.055263
3 0.249222 0.848684 0.024106 0.039474
3 0.342146 0.817105 0.024883 0.039474
0 0.405910 0.131579 0.032659 0.055263
9 0.239502 0.727632 0.135303 0.023684
0 0.145412 0.136184 0.034215 0.056579
0 0.033826 0.136184 0.034992 0.053947
0 0.219285 0.134868 0.034215 0.048684
0 0.108865 0.135526 0.031104 0.055263
16 0.479393 0.067763 0.045879 0.043421
0 0.480949 0.132237 0.030327 0.048684
3 0.727061 0.844079 0.024883 0.043421
0 0.257387 0.135526 0.035770 0.055263
9 0.520607 0.703289 0.142302 0.014474
9 0.674961 0.684868 0.143079 0.019737
9 0.842535 0.716447 0.140747 0.014474
2 0.528771 0.615132 0.127527 0.130263
2 0.686236 0.600658 0.134526 0.122368
2 0.852644 0.625000 0.132970 0.128947
