5 0.865474 0.712500 0.150855 0.127632
12 0.165630 0.069079 0.066874 0.035526
0 0.072317 0.134211 0.032659 0.052632
13 0.243390 0.067763 0.052877 0.038158
23 0.501166 0.413158 0.234059 0.071053
23 0.500389 0.501974 0.232504 0.075000
0 0.144635 0.135526 0.034215 0.052632
21 0.571928 0.295395 0.342924 0.119737
16 0.478616 0.071711 0.044323 0.040789
0 0.108087 0.134211 0.031104 0.055263
0 0.220062 0.134211 0.032659 0.050000
0 0.032271 0.133553 0.036547 0.053947
0 0.184292 0.134211 0.032659 0.052632
0 0.256998 0.132895 0.036547 0.052632
14 0.291602 0.070395 0.023328 0.038158
0 0.293935 0.134211 0.027994 0.055263
0 0.406299 0.132237 0.031882 0.048684
0 0.370140 0.133553 0.035770 0.051316
0 0.444401 0.133553 0.033437 0.048684
0 0.336703 0.133553 0.027994 0.053947
35 0.500389 0.198026 0.160964 0.075000
5 0.007387 0.517105 0.014774 0.121053
14 0.324261 0.079605 0.026439 0.051316
5 0.321540 0.217763 0.164075 0.093421
5 0.321928 0.317763 0.166407 0.098684
15 0.352644 0.074342 0.025661 0.035526
