12 0.165630 0.067763 0.068429 0.035526
2 0.250389 0.567763 0.155521 0.235526
0 0.555988 0.133553 0.037325 0.056579
0 0.183515 0.133553 0.032659 0.051316
6 0.103421 0.811184 0.074650 0.114474
34 0.500000 0.878947 0.104199 0.239474
0 0.331260 0.133553 0.032659 0.053947
0 0.031493 0.132895 0.034992 0.052632
0 0.517496 0.132895 0.030327 0.052632
0 0.443624 0.134211 0.031882 0.050000
0 0.144635 0.134211 0.034215 0.052632
0 0.218896 0.133553 0.033437 0.048684
0 0.294712 0.133553 0.031104 0.053947
0 0.071540 0.133553 0.032659 0.051316
8 0.947900 0.921053 0.055988 0.078947
0 0.368585 0.133553 0.035770 0.051316
0 0.257387 0.132895 0.035770 0.052632
2 0.758165 0.569079 0.244168 0.238158
3 0.360031 0.814474 0.021773 0.036842
0 0.480171 0.133553 0.030327 0.048684
3 0.709953 0.840132 0.023328 0.040789
0 0.405910 0.132895 0.032659 0.050000
0 0.108087 0.133553 0.031104 0.053947
14 0.349145 0.070395 0.021773 0.038158
13 0.240669 0.066447 0.050544 0.038158
7 0.041602 0.925658 0.056765 0.085526
14 0.290047 0.069737 0.024883 0.039474
20 0.957621 0.826316 0.031882 0.050000
14 0.407854 0.069079 0.025661 0.038158
9 0.482504 0.730263 0.146967 0.023684
5 0.848756 0.810526 0.117418 0.076316
9 0.223173 0.712500 0.216174 0.022368
16 0.478616 0.068421 0.047434 0.036842
9 0.774495 0.711842 0.219285 0.021053
3 0.629471 0.818421 0.024106 0.042105
3 0.781882 0.870395 0.022551 0.038158
14 0.320762 0.069737 0.022551 0.036842
3 0.271384 0.844079 0.021773 0.038158
14 0.377527 0.069737 0.024106 0.036842
3 0.125194 0.925658 0.021773 0.040789
3 0.453733 0.772368 0.017885 0.028947
1 0.490280 0.621053 0.103421 0.178947
