34 0.560653 0.379605 0.102644 0.238158
0 0.072706 0.134868 0.033437 0.051316
12 0.167574 0.069737 0.067652 0.036842
34 0.436236 0.377632 0.101089 0.239474
13 0.244168 0.070395 0.051322 0.038158
8 0.947900 0.921711 0.057543 0.088158
0 0.146190 0.135526 0.034215 0.052632
0 0.185070 0.134211 0.032659 0.052632
0 0.108865 0.134211 0.031104 0.055263
0 0.220451 0.133553 0.033437 0.048684
5 0.498445 0.575658 0.149300 0.067105
0 0.032659 0.134211 0.035770 0.052632
0 0.259331 0.134211 0.034992 0.052632
20 0.958009 0.826974 0.026439 0.038158
14 0.321540 0.073026 0.022551 0.038158
16 0.477838 0.072368 0.045879 0.042105
15 0.350311 0.074342 0.025661 0.040789
7 0.043546 0.926974 0.055988 0.082895
3 0.444012 0.792763 0.021773 0.038158
14 0.291991 0.073684 0.024106 0.039474
3 0.514386 0.266447 0.022551 0.035526
3 0.388802 0.265789 0.021773 0.036842
21 0.499222 0.204605 0.185070 0.032895
