14 0.335537 0.073684 0.025661 0.039474
12 0.181571 0.071053 0.067652 0.034211
21 0.496501 0.294737 0.492224 0.121053
14 0.305988 0.073684 0.024106 0.039474
0 0.107698 0.134868 0.030327 0.056579
16 0.488725 0.072368 0.039658 0.039474
13 0.255054 0.071711 0.049767 0.038158
17 0.548600 0.072368 0.045879 0.039474
0 0.071151 0.136842 0.031882 0.052632
0 0.033048 0.140132 0.031882 0.051316
0 0.146190 0.134211 0.034215 0.052632
5 0.863142 0.710526 0.160187 0.139474
23 0.499222 0.412500 0.234837 0.077632
24 0.498445 0.538816 0.035770 0.046053
23 0.500778 0.502632 0.234837 0.081579
23 0.499222 0.586842 0.234837 0.071053
