12 0.166019 0.069079 0.069207 0.035526
0 0.445179 0.134211 0.031882 0.052632
14 0.321540 0.071711 0.024106 0.038158
13 0.246112 0.068421 0.055210 0.039474
0 0.370140 0.136184 0.032659 0.051316
5 0.865474 0.713816 0.153966 0.122368
0 0.071151 0.136842 0.030327 0.052632
0 0.333204 0.136842 0.038103 0.052632
0 0.519829 0.138816 0.036547 0.056579
0 0.145412 0.135526 0.032659 0.057895
0 0.183126 0.136184 0.031882 0.059211
0 0.033826 0.136842 0.036547 0.057895
0 0.220840 0.138158 0.035770 0.052632
0 0.294712 0.134868 0.034215 0.053947
0 0.108087 0.139474 0.034215 0.052632
17 0.536547 0.071053 0.043546 0.042105
0 0.408243 0.132895 0.032659 0.052632
0 0.259720 0.138816 0.034215 0.056579
14 0.351866 0.071711 0.024106 0.038158
0 0.481726 0.133553 0.030327 0.053947
0 0.559487 0.136842 0.031882 0.052632
1 0.229393 0.626316 0.146190 0.200000
14 0.293546 0.070395 0.022551 0.035526
16 0.479393 0.069737 0.047434 0.039474
22 0.677683 0.632895 0.164075 0.171053
