1 0.216174 0.591447 0.161742 0.209211
0 0.036159 0.140132 0.030327 0.046053
12 0.179627 0.073026 0.063764 0.027632
13 0.256610 0.071053 0.041991 0.034211
15 0.305988 0.073684 0.025661 0.034211
15 0.337092 0.076974 0.022551 0.032895
16 0.487558 0.075000 0.035770 0.034211
17 0.547823 0.071053 0.047434 0.039474
9 0.240669 0.726974 0.140747 0.046053
9 0.575428 0.693421 0.102644 0.021053
9 0.703733 0.706579 0.101089 0.015789
9 0.819596 0.689474 0.101089 0.021053
2 0.573095 0.542763 0.065319 0.264474
2 0.703733 0.555921 0.057543 0.259211
2 0.817652 0.542105 0.061431 0.252632
5 0.851089 0.810526 0.111198 0.071053
6 0.101477 0.826974 0.069207 0.106579
7 0.045879 0.926974 0.055988 0.088158
8 0.948289 0.931579 0.059876 0.084211
3 0.646579 0.840132 0.024106 0.046053
3 0.552100 0.812500 0.026439 0.040789
3 0.447512 0.803289 0.025661 0.038158
3 0.249611 0.871053 0.026439 0.039474
