17 0.536547 0.070395 0.041991 0.040789
0 0.370529 0.134211 0.031882 0.052632
12 0.167574 0.068421 0.069207 0.034211
0 0.070373 0.136184 0.030327 0.046053
0 0.332815 0.135526 0.035770 0.052632
1 0.244557 0.614474 0.106532 0.184211
14 0.321540 0.071711 0.022551 0.038158
14 0.292768 0.071053 0.024106 0.034211
0 0.220840 0.135526 0.035770 0.052632
5 0.849145 0.807895 0.115086 0.071053
0 0.260498 0.136842 0.034215 0.052632
0 0.183904 0.133553 0.031882 0.056579
0 0.146579 0.133553 0.031882 0.059211
7 0.043546 0.932237 0.057543 0.088158
14 0.351089 0.071711 0.024106 0.038158
0 0.294712 0.134211 0.034215 0.052632
13 0.244557 0.069079 0.053655 0.038158
3 0.445179 0.801316 0.024106 0.034211
0 0.445179 0.134211 0.031882 0.052632
0 0.407076 0.131579 0.030327 0.052632
3 0.646579 0.834211 0.025661 0.044737
6 0.101477 0.813816 0.069207 0.109211
3 0.549767 0.809868 0.026439 0.046053
0 0.107698 0.136184 0.031882 0.046053
0 0.032659 0.136842 0.034215 0.052632
3 0.342146 0.826974 0.026439 0.046053
3 0.249222 0.863816 0.024106 0.040789
16 0.478616 0.070395 0.045879 0.040789
8 0.947900 0.931579 0.055988 0.081579
9 0.711120 0.727632 0.230949 0.021053
2 0.706065 0.558553 0.175739 0.259211
20 0.959176 0.825658 0.030327 0.046053
9 0.233670 0.729605 0.148523 0.027632
