12 0.179627 0.071711 0.065319 0.038158
0 0.908243 0.140132 0.034215 0.051316
0 0.350311 0.138816 0.031882 0.051316
0 0.387247 0.140132 0.034215 0.059211
6 0.102255 0.824342 0.069207 0.109211
0 0.237558 0.139474 0.031882 0.050000
3 0.445179 0.801316 0.024106 0.039474
0 0.126361 0.138816 0.030327 0.056579
5 0.847201 0.807895 0.111198 0.071053
0 0.163297 0.135526 0.035770 0.057895
3 0.547823 0.810526 0.024106 0.039474
8 0.944012 0.926974 0.057543 0.077632
0 0.275661 0.138816 0.031882 0.056579
0 0.089036 0.139474 0.030327 0.052632
0 0.313375 0.140132 0.034215 0.051316
0 0.946734 0.140132 0.031882 0.046053
0 0.202955 0.140132 0.029549 0.051316
0 0.720840 0.140132 0.034215 0.064474
3 0.642302 0.834868 0.027994 0.046053
0 0.424184 0.135526 0.030327 0.052632
3 0.246890 0.864474 0.025661 0.039474
0 0.835148 0.134211 0.027994 0.050000
13 0.253499 0.071053 0.048212 0.039474
0 0.051711 0.139474 0.031882 0.050000
7 0.043546 0.926974 0.057543 0.088158
1 0.217341 0.592763 0.165630 0.209211
0 0.869362 0.138158 0.034215 0.044737
9 0.241058 0.723026 0.146190 0.027632
3 0.340980 0.826974 0.025661 0.040789
0 0.459953 0.139474 0.031882 0.052632
20 0.955288 0.826974 0.030327 0.046053
14 0.611586 0.134868 0.031882 0.056579
0 0.537714 0.140789 0.039658 0.052632
0 0.498834 0.136842 0.031882 0.052632
0 0.573095 0.139474 0.027994 0.052632
0 0.646190 0.135526 0.034215 0.057895
0 0.683515 0.135526 0.034215 0.057895
0 0.758165 0.137500 0.029549 0.059211
0 0.795879 0.137500 0.031882 0.059211
5 0.975505 0.135526 0.016330 0.034211
2 0.724728 0.377632 0.242613 0.357895
9 0.733670 0.709211 0.252722 0.021053
17 0.547823 0.076974 0.045879 0.032895
15 0.304432 0.076316 0.022551 0.034211
15 0.332815 0.077632 0.021773 0.034211
16 0.489114 0.073684 0.046656 0.039474
