12 0.181571 0.071053 0.069207 0.034211
5 0.865086 0.713158 0.143857 0.113158
0 0.293935 0.137500 0.035770 0.046053
0 0.034215 0.138816 0.034215 0.046053
13 0.256610 0.070395 0.049767 0.035526
0 0.258165 0.136184 0.032659 0.056579
0 0.145023 0.135526 0.038103 0.057895
14 0.335148 0.074342 0.026439 0.040789
0 0.071151 0.134868 0.030327 0.051316
0 0.108476 0.136842 0.031882 0.057895
1 0.216563 0.601974 0.162519 0.214474
0 0.185848 0.137500 0.029549 0.046053
0 0.370529 0.136184 0.030327 0.056579
0 0.221229 0.136842 0.031882 0.047368
0 0.332815 0.137500 0.035770 0.046053
0 0.408243 0.134868 0.027994 0.051316
17 0.549767 0.073026 0.043546 0.038158
14 0.305210 0.074342 0.022551 0.035526
29 0.645801 0.670395 0.216952 0.232895
16 0.494557 0.075000 0.045101 0.039474
