1 0.217341 0.598684 0.165630 0.207895
14 0.335148 0.075000 0.026439 0.042105
14 0.305988 0.075000 0.025661 0.042105
12 0.181571 0.073026 0.069207 0.038158
7 0.043546 0.929605 0.057543 0.082895
9 0.630638 0.701974 0.080871 0.019737
0 0.108476 0.136184 0.030327 0.056579
3 0.645801 0.838816 0.022551 0.040789
5 0.849922 0.807237 0.107309 0.072368
8 0.950233 0.925658 0.057543 0.085526
17 0.550544 0.073684 0.043546 0.039474
3 0.445956 0.802632 0.024106 0.039474
13 0.254277 0.075000 0.048212 0.039474
3 0.248445 0.867105 0.024106 0.039474
9 0.766719 0.701974 0.102644 0.017105
6 0.103033 0.825658 0.069207 0.106579
2 0.765163 0.640789 0.079316 0.076316
0 0.071151 0.136184 0.031882 0.051316
0 0.146190 0.134868 0.035770 0.053947
3 0.341757 0.828289 0.022551 0.035526
16 0.488725 0.075000 0.038103 0.039474
0 0.033826 0.138158 0.031882 0.047368
9 0.244946 0.721711 0.124417 0.017105
2 0.628305 0.646711 0.043546 0.056579
