1 0.218896 0.596711 0.170295 0.225000
2 0.823484 0.557237 0.144635 0.190789
2 0.657465 0.639474 0.066096 0.057895
9 0.665241 0.689474 0.103421 0.021053
9 0.814541 0.675658 0.126750 0.019737
9 0.246890 0.726974 0.122084 0.017105
6 0.103033 0.825658 0.066096 0.109211
7 0.043935 0.932895 0.055210 0.078947
5 0.850700 0.807895 0.107309 0.071053
8 0.949067 0.931579 0.061431 0.078947
3 0.250000 0.871053 0.024106 0.042105
3 0.341757 0.831579 0.022551 0.031579
3 0.447123 0.804605 0.021773 0.038158
3 0.551322 0.816447 0.020218 0.038158
3 0.645801 0.840132 0.024106 0.046053
0 0.034992 0.140132 0.034215 0.046053
0 0.071151 0.136184 0.036547 0.056579
0 0.110031 0.139474 0.030327 0.050000
12 0.180016 0.074342 0.067652 0.032895
13 0.258554 0.071053 0.052100 0.039474
15 0.305988 0.075658 0.024106 0.038158
15 0.334759 0.075658 0.025661 0.038158
16 0.491835 0.070395 0.044323 0.040789
17 0.550156 0.073026 0.047434 0.046053
