0 0.181960 0.132895 0.034215 0.052632
0 0.144246 0.132895 0.030327 0.052632
0 0.071540 0.133553 0.029549 0.046053
12 0.166019 0.071053 0.067652 0.034211
0 0.368974 0.133553 0.030327 0.046053
5 0.070373 0.827632 0.140746 0.071053
17 0.535770 0.071053 0.043546 0.039474
3 0.582815 0.839474 0.025661 0.039474
3 0.444401 0.840132 0.022551 0.038158
3 0.718896 0.839474 0.024106 0.039474
0 0.108476 0.133553 0.031882 0.046053
3 0.307543 0.836842 0.024106 0.039474
3 0.307543 0.527632 0.024106 0.039474
3 0.582037 0.528947 0.024106 0.039474
3 0.445179 0.527632 0.024106 0.039474
3 0.718896 0.528947 0.025661 0.039474
13 0.244557 0.069737 0.052100 0.034211
0 0.257776 0.134211 0.031882 0.050000
0 0.032659 0.134211 0.035770 0.050000
0 0.294712 0.134211 0.034215 0.050000
3 0.169907 0.839474 0.024106 0.039474
14 0.351089 0.071053 0.024106 0.034211
0 0.218896 0.134868 0.031882 0.051316
14 0.291991 0.071053 0.022551 0.034211
0 0.406299 0.133553 0.030327 0.051316
3 0.721229 0.221053 0.025661 0.039474
14 0.321540 0.071053 0.022551 0.034211
0 0.331260 0.133553 0.035770 0.046053
3 0.582037 0.217105 0.024106 0.039474
0 0.443235 0.133553 0.035770 0.046053
3 0.445956 0.220395 0.024106 0.038158
3 0.170684 0.530263 0.024106 0.034211
3 0.309487 0.219079 0.026439 0.040789
34 0.224728 0.349342 0.116641 0.264474
34 0.360809 0.346711 0.115086 0.275000
34 0.498445 0.346711 0.115086 0.275000
34 0.634526 0.346053 0.116641 0.276316
34 0.774106 0.345395 0.114308 0.267105
34 0.223561 0.657895 0.114308 0.271053
34 0.361198 0.653289 0.114308 0.272368
34 0.500389 0.662500 0.112753 0.272368
34 0.635303 0.657895 0.115086 0.271053
34 0.774883 0.661842 0.112753 0.271053
16 0.482893 0.073026 0.041991 0.035526
