12 0.181571 0.071053 0.069207 0.034211
5 0.850700 0.807895 0.110420 0.071053
7 0.043546 0.930263 0.057543 0.084211
3 0.341757 0.828289 0.024106 0.040789
0 0.294712 0.138158 0.034215 0.047368
0 0.371306 0.135526 0.031882 0.057895
3 0.446734 0.802632 0.022551 0.039474
8 0.948678 0.927632 0.057543 0.084211
0 0.033437 0.138816 0.032659 0.046053
13 0.258554 0.070395 0.052100 0.035526
3 0.646190 0.838816 0.026439 0.046053
3 0.550156 0.813158 0.024106 0.044737
14 0.335537 0.075000 0.025661 0.039474
2 0.732893 0.581579 0.125194 0.189474
3 0.248445 0.869079 0.024106 0.038158
0 0.144246 0.135526 0.038103 0.057895
9 0.238336 0.721711 0.142302 0.035526
0 0.185848 0.137500 0.029549 0.046053
0 0.258165 0.134868 0.032659 0.053947
0 0.071151 0.135526 0.030327 0.052632
0 0.332815 0.137500 0.034215 0.046053
6 0.102255 0.827632 0.067652 0.113158
0 0.108476 0.134868 0.030327 0.056579
1 0.234837 0.600658 0.129082 0.196053
0 0.221229 0.136842 0.031882 0.047368
17 0.550156 0.074342 0.045879 0.040789
16 0.490280 0.073684 0.045879 0.039474
14 0.305210 0.075000 0.022551 0.034211
9 0.740669 0.705263 0.207621 0.039474
