9 0.239114 0.719737 0.143857 0.039474
12 0.180016 0.071053 0.069207 0.034211
8 0.949456 0.927632 0.057543 0.076316
0 0.108476 0.134868 0.031882 0.059211
0 0.443624 0.134868 0.031882 0.051316
3 0.340980 0.826316 0.024106 0.039474
0 0.293935 0.136184 0.035770 0.046053
3 0.445179 0.802632 0.024106 0.039474
0 0.070373 0.133553 0.030327 0.051316
3 0.248445 0.869079 0.024106 0.038158
0 0.185459 0.134868 0.030327 0.046053
0 0.256610 0.133553 0.034215 0.056579
6 0.103033 0.824342 0.069207 0.109211
3 0.644246 0.834211 0.024106 0.044737
1 0.217729 0.594737 0.161742 0.202632
5 0.848756 0.807895 0.111198 0.071053
0 0.144246 0.134868 0.039658 0.059211
7 0.042768 0.927632 0.055988 0.089474
13 0.256221 0.069737 0.052100 0.034211
0 0.331260 0.134211 0.035770 0.050000
0 0.221229 0.133553 0.031882 0.046053
3 0.550156 0.811184 0.024106 0.040789
9 0.703344 0.721053 0.224728 0.026316
0 0.371306 0.135526 0.031882 0.052632
0 0.034215 0.137500 0.034215 0.046053
0 0.408243 0.133553 0.029549 0.051316
0 0.520218 0.138816 0.035770 0.051316
0 0.482893 0.134868 0.035770 0.051316
0 0.558320 0.135526 0.034215 0.052632
14 0.305599 0.076974 0.020218 0.038158
15 0.334759 0.071053 0.025661 0.034211
2 0.694401 0.546711 0.174184 0.296053
17 0.547823 0.075658 0.039658 0.038158
16 0.492224 0.073684 0.041991 0.034211
