17 0.536936 0.073684 0.045879 0.039474
13 0.238725 0.073026 0.041991 0.038158
12 0.167574 0.071711 0.066096 0.035526
21 0.500389 0.292105 0.490669 0.121053
5 0.498445 0.815132 0.147745 0.069737
0 0.033826 0.139474 0.036547 0.057895
15 0.321540 0.073684 0.024106 0.039474
15 0.351089 0.073026 0.025661 0.038158
15 0.292768 0.073684 0.024106 0.034211
3 0.270218 0.439474 0.024106 0.039474
3 0.449067 0.442105 0.024106 0.039474
3 0.622473 0.439474 0.022551 0.034211
34 0.321540 0.566447 0.115863 0.285526
34 0.498834 0.563816 0.117418 0.277632
34 0.674961 0.567105 0.118196 0.278947
