12 0.181571 0.072368 0.069207 0.034211
5 0.071151 0.832237 0.142302 0.067105
17 0.549767 0.075658 0.043546 0.038158
0 0.071151 0.136842 0.030327 0.052632
3 0.445956 0.152632 0.025661 0.039474
3 0.308320 0.774342 0.024106 0.040789
3 0.720062 0.463158 0.026439 0.042105
0 0.033437 0.138816 0.032659 0.046053
3 0.720451 0.152632 0.024106 0.039474
0 0.108865 0.136842 0.027994 0.052632
3 0.169518 0.775000 0.026439 0.042105
16 0.488725 0.073684 0.038103 0.039474
3 0.583593 0.152632 0.025661 0.039474
14 0.335537 0.076316 0.025661 0.039474
3 0.171462 0.464474 0.025661 0.039474
3 0.308320 0.463158 0.024106 0.039474
3 0.445179 0.463158 0.025661 0.039474
13 0.255443 0.073684 0.045879 0.034211
3 0.583593 0.462500 0.025661 0.040789
14 0.305988 0.075658 0.024106 0.035526
3 0.308320 0.151974 0.024106 0.038158
0 0.146190 0.137500 0.032659 0.053947
34 0.222784 0.284211 0.114308 0.268421
34 0.360420 0.278289 0.115863 0.275000
34 0.498834 0.280921 0.115863 0.272368
34 0.636081 0.280263 0.113530 0.271053
34 0.773717 0.281579 0.116641 0.273684
34 0.224339 0.591447 0.112753 0.277632
34 0.362364 0.592763 0.111975 0.269737
34 0.498056 0.592105 0.117418 0.273684
34 0.634526 0.591447 0.118196 0.272368
34 0.772939 0.594079 0.118196 0.280263
