3 0.249222 0.869079 0.024106 0.038158
1 0.216952 0.595395 0.166407 0.209211
12 0.180793 0.072368 0.067652 0.039474
8 0.949456 0.927632 0.057543 0.078947
3 0.645023 0.838158 0.024106 0.044737
2 0.750778 0.620395 0.120529 0.132895
0 0.109253 0.136842 0.031882 0.057895
3 0.445179 0.803289 0.024106 0.040789
6 0.102644 0.825658 0.069984 0.103947
7 0.044323 0.927632 0.057543 0.084211
5 0.850700 0.808553 0.107309 0.072368
17 0.549378 0.074342 0.044323 0.040789
0 0.071151 0.136842 0.031882 0.052632
3 0.340980 0.827632 0.022551 0.039474
0 0.145801 0.134868 0.036547 0.053947
0 0.184681 0.138158 0.030327 0.050000
9 0.239114 0.723684 0.140747 0.039474
0 0.033826 0.139474 0.031882 0.050000
0 0.220840 0.136184 0.032659 0.051316
14 0.335148 0.076316 0.026439 0.044737
3 0.549378 0.813158 0.022551 0.039474
0 0.258165 0.136184 0.035770 0.059211
13 0.258554 0.073026 0.052100 0.038158
16 0.491835 0.075000 0.044323 0.039474
14 0.305599 0.075000 0.026439 0.039474
9 0.739502 0.713816 0.189736 0.027632
