12 0.181571 0.071711 0.069207 0.038158
17 0.550156 0.073684 0.047434 0.039474
3 0.268274 0.438158 0.026439 0.039474
0 0.034992 0.139474 0.035770 0.052632
5 0.496890 0.813816 0.147745 0.064474
16 0.488725 0.072368 0.038103 0.039474
0 0.110420 0.135526 0.029549 0.057895
3 0.447512 0.436842 0.024106 0.039474
3 0.620918 0.434211 0.022551 0.039474
0 0.071151 0.139474 0.030327 0.057895
0 0.146190 0.135526 0.035770 0.052632
13 0.254666 0.075658 0.045879 0.038158
21 0.499611 0.293421 0.489114 0.115789
14 0.305988 0.076974 0.025661 0.038158
14 0.335537 0.076316 0.025661 0.042105
34 0.320373 0.563158 0.118196 0.278947
34 0.500778 0.565789 0.116641 0.273684
34 0.675350 0.561842 0.117418 0.273684
