1 0.221229 0.601974 0.173406 0.214474
3 0.250000 0.869737 0.022551 0.034211
3 0.341757 0.831579 0.024106 0.042105
3 0.446345 0.806579 0.026439 0.039474
3 0.550933 0.814474 0.024106 0.042105
3 0.646579 0.836842 0.025661 0.042105
2 0.816096 0.526316 0.150078 0.242105
9 0.248834 0.725658 0.122862 0.014474
9 0.813764 0.674342 0.125194 0.014474
5 0.851089 0.808553 0.111198 0.077632
6 0.103421 0.826974 0.071540 0.109211
7 0.044323 0.932237 0.057543 0.082895
8 0.949456 0.928289 0.059098 0.082895
20 0.958787 0.834211 0.034215 0.052632
0 0.033826 0.140789 0.031882 0.050000
0 0.071540 0.135526 0.035770 0.063158
0 0.108087 0.136184 0.034215 0.059211
12 0.181182 0.073684 0.063764 0.039474
13 0.258165 0.075000 0.049767 0.034211
15 0.305210 0.071711 0.024106 0.035526
15 0.335148 0.075000 0.021773 0.034211
16 0.492613 0.075000 0.044323 0.039474
17 0.549767 0.076316 0.048212 0.039474
