12 0.178460 0.069079 0.069207 0.038158
6 0.102644 0.825000 0.069984 0.110526
3 0.657854 0.821711 0.021773 0.040789
3 0.321151 0.827632 0.021773 0.039474
14 0.332426 0.071053 0.024106 0.039474
3 0.576594 0.803947 0.022551 0.039474
3 0.492613 0.794737 0.024106 0.039474
1 0.215008 0.594079 0.165630 0.209211
0 0.069596 0.134211 0.031882 0.052632
3 0.235226 0.859211 0.022551 0.039474
8 0.948678 0.926316 0.055988 0.071053
0 0.294712 0.133553 0.034215 0.053947
0 0.258165 0.134868 0.034215 0.053947
0 0.107698 0.134868 0.030327 0.051316
0 0.556765 0.133553 0.034215 0.053947
0 0.146190 0.136842 0.035770 0.052632
3 0.403577 0.801974 0.020218 0.035526
0 0.220840 0.134211 0.035770 0.052632
0 0.596423 0.132895 0.035770 0.057895
0 0.369362 0.132237 0.034215 0.053947
2 0.723173 0.365132 0.250389 0.369737
0 0.182737 0.135526 0.035770 0.050000
5 0.847201 0.805263 0.120529 0.071053
0 0.032271 0.136842 0.031882 0.047368
13 0.254277 0.067105 0.055988 0.039474
0 0.405910 0.132237 0.034215 0.053947
3 0.743779 0.859211 0.022551 0.042105
0 0.442068 0.133553 0.030327 0.053947
0 0.519440 0.133553 0.032659 0.051316
3 0.155132 0.911842 0.022551 0.039474
7 0.041602 0.926974 0.055210 0.082895
14 0.363530 0.071053 0.024106 0.039474
0 0.332037 0.134211 0.027994 0.052632
20 0.959176 0.826974 0.030327 0.046053
16 0.491058 0.068421 0.045879 0.039474
0 0.480560 0.132895 0.034215 0.047368
9 0.737170 0.712500 0.258165 0.014474
15 0.303655 0.075000 0.024106 0.034211
9 0.241835 0.723026 0.133748 0.027632
