12 0.166019 0.067105 0.067652 0.034211
1 0.239502 0.613816 0.116641 0.185526
0 0.331260 0.133553 0.032659 0.053947
3 0.445179 0.796053 0.024106 0.039474
13 0.242224 0.066447 0.053655 0.038158
0 0.369362 0.132237 0.035770 0.053947
0 0.443624 0.134211 0.031882 0.052632
3 0.246501 0.847368 0.020218 0.034211
3 0.644246 0.815789 0.025661 0.042105
0 0.071540 0.134211 0.034215 0.052632
20 0.957232 0.827632 0.026439 0.044737
14 0.291991 0.069079 0.024106 0.038158
7 0.041213 0.927632 0.055988 0.084211
0 0.293935 0.134211 0.029549 0.057895
3 0.341757 0.817105 0.025661 0.039474
5 0.849533 0.808553 0.120529 0.075000
6 0.103033 0.809211 0.069207 0.110526
0 0.143857 0.134868 0.034215 0.056579
0 0.183515 0.136184 0.034215 0.059211
0 0.033437 0.134211 0.034215 0.052632
8 0.947123 0.929605 0.059098 0.069737
0 0.405521 0.130921 0.031882 0.053947
3 0.549378 0.800658 0.025661 0.040789
0 0.219285 0.132895 0.034215 0.047368
14 0.319984 0.069079 0.022551 0.038158
14 0.349533 0.067105 0.025661 0.039474
16 0.478616 0.065789 0.045879 0.042105
0 0.108476 0.133553 0.030327 0.053947
0 0.480949 0.131579 0.030327 0.047368
3 0.726672 0.844737 0.025661 0.044737
9 0.240669 0.727632 0.136081 0.021053
0 0.256610 0.132895 0.035770 0.052632
9 0.671073 0.679605 0.175739 0.027632
9 0.840980 0.709868 0.156299 0.025000
2 0.523717 0.609868 0.132970 0.117105
2 0.681571 0.599342 0.140747 0.122368
2 0.852644 0.628289 0.126750 0.114474
3 0.170295 0.894737 0.026439 0.036842
