12 0.180793 0.069737 0.070762 0.039474
14 0.332815 0.073684 0.026439 0.044737
13 0.253888 0.071711 0.047434 0.043421
0 0.146579 0.138158 0.034992 0.052632
0 0.183126 0.138158 0.034992 0.052632
14 0.364308 0.073684 0.027216 0.044737
16 0.490669 0.074342 0.051322 0.048684
0 0.071540 0.138158 0.031104 0.055263
0 0.221229 0.138816 0.038103 0.053947
14 0.302877 0.073684 0.027216 0.044737
0 0.033826 0.140789 0.034992 0.052632
0 0.108865 0.138158 0.031104 0.052632
5 0.252333 0.834211 0.204510 0.265789
35 0.863530 0.214474 0.164075 0.076316
