12 0.181182 0.071711 0.069984 0.038158
13 0.253499 0.072368 0.046656 0.039474
5 0.863530 0.713158 0.154743 0.134211
14 0.333204 0.073684 0.025661 0.042105
0 0.071151 0.136842 0.031882 0.052632
14 0.363919 0.073684 0.024883 0.039474
0 0.146579 0.137500 0.034992 0.051316
0 0.108865 0.136842 0.031104 0.050000
0 0.183126 0.136842 0.034992 0.047368
16 0.491446 0.073684 0.048212 0.042105
21 0.496112 0.295395 0.502333 0.122368
0 0.033437 0.137500 0.032659 0.048684
0 0.222006 0.137500 0.036547 0.048684
14 0.303266 0.073684 0.024883 0.042105
23 0.501944 0.413816 0.235614 0.082895
