12 0.177683 0.069079 0.067652 0.038158
2 0.701400 0.561184 0.236392 0.227632
14 0.332426 0.071053 0.024106 0.039474
8 0.949067 0.926316 0.059876 0.078947
6 0.101477 0.821711 0.067652 0.109211
3 0.339425 0.826316 0.024106 0.039474
0 0.257387 0.136842 0.034215 0.057895
5 0.849145 0.807895 0.118196 0.076316
3 0.549378 0.809211 0.024106 0.042105
7 0.041991 0.927632 0.055988 0.084211
3 0.644246 0.834211 0.024106 0.044737
13 0.254666 0.067105 0.055210 0.039474
0 0.108476 0.136842 0.030327 0.052632
0 0.146190 0.137500 0.035770 0.053947
0 0.220840 0.136842 0.035770 0.052632
1 0.214619 0.601974 0.166407 0.209211
0 0.293546 0.138816 0.038103 0.064474
14 0.363530 0.069737 0.024106 0.039474
0 0.368974 0.130263 0.031882 0.052632
0 0.181182 0.136842 0.034215 0.047368
9 0.244557 0.721053 0.118974 0.021053
14 0.303655 0.070395 0.022551 0.038158
16 0.490669 0.071711 0.048212 0.046053
0 0.071151 0.135526 0.031882 0.052632
0 0.033826 0.138158 0.031882 0.047368
3 0.247278 0.864474 0.021773 0.039474
3 0.443235 0.800658 0.020218 0.035526
0 0.331260 0.133553 0.027994 0.051316
0 0.405910 0.130263 0.034215 0.052632
35 0.399300 0.211842 0.162519 0.102632
9 0.712675 0.711842 0.243390 0.015789
