3 0.396967 0.796053 0.024106 0.039474
0 0.072317 0.135526 0.034215 0.052632
12 0.166796 0.069737 0.067652 0.034211
13 0.244557 0.070395 0.052100 0.038158
3 0.496501 0.789474 0.024106 0.039474
5 0.849145 0.805263 0.110420 0.071053
8 0.947123 0.928289 0.055988 0.072368
0 0.220062 0.134211 0.034215 0.050000
15 0.349533 0.075000 0.025661 0.039474
0 0.184681 0.134211 0.031882 0.052632
0 0.146190 0.135526 0.032659 0.052632
9 0.236392 0.726974 0.132193 0.017105
2 0.749222 0.559211 0.187403 0.244737
7 0.041991 0.926316 0.055988 0.078947
0 0.108476 0.134868 0.031882 0.056579
3 0.295879 0.826974 0.025661 0.040789
0 0.258942 0.132895 0.035770 0.052632
0 0.032659 0.134211 0.035770 0.052632
3 0.594868 0.801316 0.026439 0.042105
14 0.321540 0.073026 0.022551 0.038158
16 0.477838 0.072368 0.045879 0.044737
3 0.689347 0.828947 0.024106 0.044737
20 0.958398 0.828947 0.030327 0.052632
6 0.102255 0.812500 0.069207 0.109211
14 0.291213 0.073684 0.024106 0.039474
3 0.202566 0.868421 0.024106 0.042105
9 0.748445 0.713816 0.215397 0.019737
1 0.239114 0.611842 0.115863 0.189474
