2 0.737558 0.581579 0.142302 0.242105
12 0.177683 0.068421 0.067652 0.034211
5 0.848756 0.805921 0.112753 0.072368
7 0.041213 0.928289 0.055988 0.082895
13 0.256221 0.069079 0.053655 0.035526
3 0.319596 0.826974 0.021773 0.038158
16 0.488725 0.072368 0.047434 0.044737
14 0.364308 0.073684 0.025661 0.039474
14 0.333204 0.072368 0.025661 0.039474
8 0.947900 0.928289 0.059098 0.077632
0 0.293935 0.134211 0.034215 0.052632
3 0.492613 0.796711 0.022551 0.038158
1 0.234837 0.604605 0.124417 0.196053
3 0.658243 0.823684 0.022551 0.039474
3 0.155910 0.911842 0.024106 0.039474
6 0.102255 0.825658 0.067652 0.109211
0 0.220062 0.133553 0.035770 0.046053
3 0.577372 0.805263 0.022551 0.039474
0 0.069596 0.133553 0.030327 0.051316
20 0.958398 0.827632 0.036547 0.057895
0 0.106921 0.132895 0.030327 0.047368
0 0.258165 0.134868 0.034215 0.051316
3 0.403577 0.801974 0.020218 0.038158
3 0.744557 0.861842 0.024106 0.042105
9 0.241835 0.721053 0.116641 0.021053
3 0.237170 0.860526 0.021773 0.039474
0 0.031882 0.135526 0.034215 0.050000
0 0.143468 0.135526 0.036547 0.052632
0 0.181182 0.134868 0.034215 0.046053
15 0.304432 0.071053 0.022551 0.042105
35 0.399300 0.596053 0.162519 0.102632
9 0.734837 0.728289 0.169518 0.022368
