12 0.177683 0.069079 0.067652 0.038158
8 0.947123 0.931579 0.057543 0.071053
3 0.596812 0.801974 0.025661 0.040789
14 0.331649 0.071053 0.024106 0.039474
2 0.703733 0.561842 0.228616 0.221053
6 0.101477 0.823026 0.067652 0.109211
3 0.294323 0.826316 0.022551 0.039474
3 0.693235 0.833553 0.025661 0.046053
5 0.851089 0.803947 0.114308 0.076316
13 0.253110 0.065789 0.053655 0.039474
0 0.107698 0.134211 0.030327 0.052632
3 0.394246 0.797368 0.020218 0.034211
0 0.258165 0.134868 0.035770 0.056579
3 0.200233 0.869737 0.024106 0.039474
14 0.362753 0.067105 0.024106 0.039474
14 0.303655 0.070395 0.022551 0.038158
0 0.292379 0.132895 0.034215 0.052632
0 0.144635 0.136842 0.035770 0.052632
35 0.479005 0.384211 0.160187 0.100000
0 0.220062 0.135526 0.035770 0.052632
16 0.491058 0.071711 0.047434 0.046053
0 0.368974 0.132237 0.031882 0.056579
1 0.213453 0.601974 0.165630 0.209211
7 0.041991 0.927632 0.055988 0.081579
0 0.071151 0.134211 0.031882 0.052632
0 0.181960 0.138158 0.035770 0.050000
9 0.243390 0.721053 0.122862 0.021053
0 0.033826 0.138816 0.031882 0.046053
0 0.331260 0.133553 0.027994 0.051316
20 0.957232 0.829605 0.026439 0.046053
0 0.405910 0.132237 0.034215 0.056579
35 0.480560 0.513816 0.161742 0.140789
35 0.477449 0.638816 0.161742 0.090789
35 0.477838 0.745395 0.164075 0.090789
9 0.711120 0.711842 0.244946 0.015789
