2 0.736392 0.582895 0.146190 0.239474
12 0.177683 0.068421 0.067652 0.034211
3 0.319596 0.826974 0.021773 0.038158
5 0.848756 0.806579 0.114308 0.071053
13 0.256221 0.069079 0.053655 0.035526
16 0.489502 0.071053 0.045879 0.042105
7 0.041213 0.926316 0.055988 0.084211
14 0.364308 0.073684 0.025661 0.039474
3 0.658243 0.823684 0.022551 0.039474
14 0.332426 0.072368 0.024106 0.039474
1 0.232115 0.603947 0.125194 0.194737
3 0.404355 0.802632 0.021773 0.039474
0 0.293935 0.134211 0.032659 0.052632
6 0.103033 0.826316 0.067652 0.110526
0 0.069596 0.134211 0.030327 0.050000
0 0.220062 0.133553 0.035770 0.046053
8 0.947123 0.926974 0.057543 0.077632
0 0.107309 0.132895 0.029549 0.047368
3 0.744557 0.861842 0.024106 0.042105
3 0.447123 0.758553 0.020218 0.038158
0 0.258165 0.134868 0.034215 0.051316
20 0.956843 0.830263 0.036547 0.052632
0 0.031882 0.134211 0.032659 0.047368
0 0.144246 0.135526 0.036547 0.052632
0 0.181182 0.134211 0.034215 0.044737
9 0.241058 0.721711 0.115086 0.019737
3 0.236781 0.859868 0.022551 0.038158
3 0.575428 0.803289 0.026439 0.040789
34 0.499222 0.873026 0.108865 0.238158
15 0.304044 0.073026 0.020218 0.038158
9 0.736003 0.728289 0.176516 0.014474
