15 0.333981 0.075000 0.024106 0.039474
15 0.363919 0.075658 0.026439 0.040789
12 0.181571 0.072368 0.070762 0.036842
15 0.305599 0.074342 0.024883 0.038158
2 0.638414 0.651316 0.066874 0.068421
7 0.042768 0.930921 0.054432 0.082895
13 0.257776 0.073026 0.052100 0.038158
2 0.780715 0.636184 0.065319 0.059211
16 0.488336 0.074342 0.038880 0.043421
1 0.216952 0.595395 0.167963 0.211842
6 0.103033 0.826974 0.070762 0.106579
0 0.070762 0.138816 0.032659 0.053947
8 0.949456 0.931579 0.055988 0.076316
5 0.849533 0.806579 0.109642 0.073684
3 0.446345 0.803289 0.023328 0.038158
0 0.033437 0.138816 0.031104 0.048684
9 0.245723 0.722368 0.122862 0.021053
3 0.341757 0.828947 0.022551 0.039474
3 0.549767 0.813158 0.023328 0.039474
3 0.645412 0.836842 0.023328 0.042105
3 0.248056 0.867763 0.024883 0.040789
9 0.645023 0.707237 0.100311 0.019737
9 0.787714 0.690789 0.099533 0.021053
