6 0.102644 0.811184 0.073095 0.114474
3 0.234837 0.857237 0.021773 0.038158
12 0.165630 0.067105 0.068429 0.034211
0 0.555988 0.133553 0.037325 0.056579
2 0.252333 0.572368 0.162519 0.228947
0 0.183515 0.133553 0.032659 0.051316
0 0.331260 0.133553 0.032659 0.053947
0 0.517496 0.132895 0.030327 0.052632
0 0.031882 0.132237 0.034215 0.051316
0 0.071928 0.132895 0.033437 0.050000
0 0.443624 0.134211 0.031882 0.050000
5 0.848367 0.809211 0.118196 0.073684
0 0.145023 0.133553 0.033437 0.051316
0 0.218896 0.132895 0.033437 0.047368
0 0.257776 0.132895 0.034992 0.052632
0 0.368585 0.133553 0.035770 0.051316
0 0.294712 0.133553 0.031104 0.053947
2 0.762830 0.571053 0.247278 0.231579
8 0.947900 0.922368 0.055988 0.076316
0 0.405910 0.133553 0.032659 0.051316
0 0.108087 0.133553 0.031104 0.053947
13 0.240669 0.067105 0.050544 0.039474
0 0.480171 0.133553 0.030327 0.048684
3 0.320762 0.823684 0.022551 0.039474
20 0.958398 0.825658 0.030327 0.048684
14 0.349533 0.070395 0.022551 0.038158
3 0.656687 0.821711 0.024106 0.040789
14 0.290435 0.069737 0.024106 0.039474
9 0.486781 0.728947 0.144635 0.023684
3 0.743779 0.856579 0.024106 0.044737
7 0.041602 0.925000 0.056765 0.086842
14 0.407854 0.069079 0.025661 0.038158
3 0.403966 0.800658 0.022551 0.038158
3 0.156299 0.909211 0.021773 0.039474
3 0.493390 0.795395 0.022551 0.035526
9 0.774495 0.711184 0.219285 0.022368
14 0.320762 0.069737 0.022551 0.036842
16 0.479005 0.067763 0.046656 0.038158
9 0.223173 0.712500 0.220840 0.022368
3 0.577760 0.801974 0.023328 0.040789
14 0.377138 0.070395 0.024883 0.038158
1 0.514774 0.614474 0.119751 0.189474
