12 0.165241 0.068421 0.066096 0.036842
0 0.072317 0.133553 0.032659 0.051316
0 0.406299 0.133553 0.033437 0.051316
8 0.949067 0.925658 0.059876 0.080263
3 0.631415 0.823026 0.020218 0.035526
13 0.243390 0.068421 0.052877 0.036842
0 0.145023 0.135526 0.034992 0.052632
0 0.220062 0.133553 0.032659 0.048684
3 0.544712 0.803947 0.019440 0.034211
20 0.958398 0.826974 0.033437 0.048684
0 0.444790 0.134211 0.034215 0.052632
0 0.184681 0.133553 0.031882 0.051316
0 0.295101 0.134211 0.028771 0.052632
0 0.108087 0.134211 0.031104 0.055263
0 0.369751 0.134868 0.036547 0.051316
16 0.479005 0.071711 0.046656 0.040789
3 0.783437 0.874342 0.020995 0.035526
3 0.358865 0.818421 0.019440 0.034211
0 0.032271 0.132895 0.036547 0.052632
0 0.258554 0.133553 0.034992 0.051316
0 0.331260 0.134211 0.034215 0.052632
14 0.291991 0.071053 0.022551 0.036842
6 0.103421 0.813816 0.071540 0.111842
5 0.499611 0.576974 0.153188 0.067105
7 0.043157 0.926316 0.055210 0.084211
3 0.197900 0.883553 0.020995 0.035526
3 0.452177 0.805921 0.020995 0.032895
14 0.320762 0.071711 0.022551 0.035526
14 0.350700 0.071053 0.024883 0.036842
3 0.710731 0.844737 0.021773 0.036842
3 0.125583 0.927632 0.020995 0.036842
21 0.498445 0.206579 0.191291 0.031579
