12 0.167574 0.068421 0.069207 0.034211
0 0.332037 0.134211 0.035770 0.052632
13 0.241058 0.069079 0.049767 0.038158
0 0.183126 0.133553 0.031882 0.053947
0 0.370529 0.133553 0.031882 0.051316
0 0.407854 0.134211 0.031882 0.052632
0 0.294712 0.134211 0.034215 0.052632
14 0.292768 0.070395 0.024106 0.035526
3 0.407854 0.808553 0.022551 0.038158
0 0.593313 0.134211 0.034215 0.050000
3 0.798600 0.871053 0.020218 0.034211
0 0.258165 0.134211 0.034215 0.052632
0 0.444790 0.134211 0.032659 0.052632
0 0.519829 0.136184 0.036547 0.051316
0 0.070373 0.134211 0.030327 0.050000
2 0.251944 0.572368 0.167963 0.231579
0 0.108865 0.134211 0.035770 0.050000
3 0.581649 0.803947 0.021773 0.034211
3 0.326205 0.823684 0.024106 0.039474
0 0.218507 0.134211 0.035770 0.052632
7 0.042768 0.926974 0.055988 0.088158
14 0.351089 0.071711 0.025661 0.038158
0 0.481337 0.132895 0.029549 0.052632
8 0.949456 0.925000 0.057543 0.084211
0 0.630638 0.134868 0.032659 0.051316
0 0.031882 0.134211 0.035770 0.052632
0 0.556376 0.134211 0.031882 0.050000
0 0.145023 0.132895 0.031882 0.052632
0 0.671851 0.134211 0.035770 0.052632
6 0.102644 0.812500 0.073095 0.109211
3 0.663297 0.821053 0.020218 0.034211
3 0.498834 0.803289 0.022551 0.032895
5 0.849145 0.809211 0.115086 0.071053
2 0.489114 0.614474 0.108865 0.184211
17 0.535770 0.070395 0.041991 0.038158
3 0.247278 0.853947 0.018663 0.034211
3 0.736003 0.840789 0.022551 0.039474
3 0.114308 0.926316 0.020218 0.034211
15 0.321540 0.070395 0.022551 0.035526
3 0.177683 0.890789 0.025661 0.039474
16 0.479005 0.071053 0.043546 0.039474
2 0.754666 0.570395 0.248056 0.246053
9 0.230171 0.715132 0.205288 0.017105
9 0.489891 0.732237 0.129082 0.019737
9 0.784992 0.715132 0.204510 0.017105
