12 0.177683 0.069079 0.067652 0.035526
14 0.332426 0.071053 0.024106 0.039474
14 0.363530 0.071053 0.024106 0.039474
0 0.220840 0.138158 0.034215 0.050000
13 0.256610 0.068421 0.055988 0.039474
0 0.294712 0.134868 0.034215 0.056579
0 0.146190 0.138158 0.034215 0.050000
0 0.257776 0.136184 0.031882 0.056579
0 0.070373 0.134211 0.030327 0.052632
0 0.370529 0.134211 0.031882 0.057895
21 0.301322 0.279605 0.540435 0.096053
0 0.107698 0.135526 0.030327 0.050000
14 0.303655 0.070395 0.022551 0.035526
0 0.033826 0.138816 0.031882 0.046053
16 0.492613 0.071053 0.047434 0.042105
0 0.181182 0.136184 0.034215 0.046053
0 0.405521 0.133553 0.031882 0.056579
0 0.443235 0.133553 0.029549 0.053947
0 0.332037 0.134211 0.027994 0.050000
0 0.481337 0.134211 0.034215 0.050000
0 0.022162 0.077632 0.030327 0.050000
14 0.481337 0.134211 0.034215 0.050000
5 0.653577 0.697368 0.459565 0.060526
5 0.652411 0.846053 0.458787 0.052632
5 0.653577 0.779605 0.461120 0.059211
35 0.863142 0.217105 0.163297 0.076316
