5 0.863142 0.711842 0.161742 0.136842
12 0.165630 0.067763 0.068429 0.035526
0 0.183515 0.133553 0.032659 0.051316
0 0.405910 0.132895 0.032659 0.050000
0 0.444012 0.134868 0.031104 0.051316
0 0.031493 0.132237 0.036547 0.053947
13 0.240669 0.067105 0.050544 0.039474
0 0.144635 0.134211 0.034215 0.052632
21 0.498056 0.292105 0.495334 0.121053
14 0.320373 0.069737 0.023328 0.036842
23 0.502333 0.413816 0.234837 0.075000
0 0.071928 0.133553 0.033437 0.051316
0 0.331260 0.133553 0.032659 0.053947
0 0.108087 0.132895 0.031104 0.055263
0 0.369362 0.133553 0.035770 0.051316
14 0.351477 0.069737 0.024883 0.039474
0 0.218896 0.133553 0.033437 0.048684
0 0.294712 0.133553 0.029549 0.053947
0 0.517885 0.132237 0.031104 0.053947
14 0.290824 0.069737 0.023328 0.036842
0 0.256998 0.132895 0.034992 0.052632
0 0.480171 0.133553 0.030327 0.048684
16 0.479393 0.068421 0.045879 0.036842
24 0.500000 0.455921 0.032659 0.051316
23 0.500778 0.499342 0.233281 0.072368
