12 0.177683 0.069079 0.067652 0.035526
14 0.332426 0.071053 0.024106 0.039474
14 0.363530 0.071053 0.024106 0.039474
6 0.102255 0.826316 0.067652 0.110526
3 0.445179 0.801316 0.022551 0.039474
0 0.107698 0.134868 0.031882 0.051316
2 0.693624 0.546053 0.169518 0.297368
5 0.848756 0.806579 0.112753 0.071053
1 0.215008 0.600658 0.164075 0.209211
0 0.220062 0.134211 0.034215 0.047368
13 0.257387 0.066447 0.055988 0.035526
8 0.947900 0.926316 0.059098 0.081579
3 0.644246 0.833553 0.025661 0.046053
0 0.143468 0.136842 0.036547 0.052632
0 0.069596 0.133553 0.030327 0.051316
14 0.304432 0.070395 0.022551 0.035526
16 0.489114 0.071053 0.048212 0.042105
0 0.293157 0.134211 0.032659 0.052632
0 0.256610 0.134211 0.034215 0.052632
3 0.246890 0.864474 0.024106 0.039474
3 0.549378 0.809211 0.024106 0.042105
3 0.340202 0.827632 0.022551 0.039474
9 0.244168 0.721053 0.116641 0.021053
0 0.181182 0.133553 0.035770 0.046053
0 0.031493 0.135526 0.031882 0.050000
7 0.041602 0.926974 0.055210 0.082895
0 0.332815 0.134211 0.026439 0.050000
9 0.700622 0.725658 0.213064 0.019737
