34 0.213841 0.696053 0.116641 0.273684
27 0.216174 0.488816 0.045101 0.030263
27 0.364697 0.487500 0.046656 0.030263
28 0.809098 0.698684 0.114308 0.265789
0 0.072706 0.135526 0.033437 0.055263
27 0.803655 0.490132 0.044323 0.030263
12 0.166019 0.069737 0.066096 0.034211
27 0.600700 0.703289 0.052100 0.032895
34 0.361975 0.692763 0.118974 0.275000
27 0.656687 0.488158 0.042768 0.028947
0 0.370529 0.135526 0.033437 0.050000
0 0.333204 0.134868 0.031882 0.053947
34 0.361198 0.323684 0.117418 0.271053
27 0.510109 0.488158 0.043546 0.031579
34 0.508554 0.322368 0.118196 0.273684
27 0.597201 0.874342 0.048212 0.032895
14 0.597978 0.818421 0.029549 0.050000
27 0.519829 0.876316 0.048989 0.031579
34 0.214619 0.325658 0.118196 0.272368
0 0.108087 0.133553 0.027994 0.053947
34 0.654743 0.324342 0.111975 0.264474
5 0.071928 0.826974 0.143856 0.069737
34 0.799767 0.321053 0.117418 0.271053
0 0.146579 0.136184 0.031882 0.051316
0 0.296267 0.134211 0.031104 0.055263
0 0.184292 0.135526 0.031104 0.052632
27 0.677683 0.703947 0.048989 0.031579
0 0.033048 0.134868 0.036547 0.053947
0 0.597978 0.642105 0.034215 0.055263
16 0.479782 0.072368 0.046656 0.042105
13 0.244557 0.068421 0.052100 0.034211
27 0.522162 0.702632 0.050544 0.031579
27 0.216952 0.857895 0.046656 0.028947
0 0.219673 0.133553 0.030327 0.046053
3 0.308320 0.198684 0.025661 0.039474
27 0.367418 0.856579 0.050544 0.031579
0 0.258554 0.132237 0.031882 0.051316
27 0.675739 0.876316 0.046656 0.031579
3 0.161742 0.567105 0.023328 0.039474
0 0.520607 0.644079 0.033437 0.053947
3 0.748834 0.200000 0.024883 0.039474
14 0.519440 0.818421 0.029549 0.050000
3 0.454899 0.197368 0.024883 0.039474
3 0.308320 0.565789 0.022551 0.036842
14 0.676516 0.818421 0.024883 0.044737
0 0.674572 0.642105 0.034992 0.050000
3 0.602644 0.200658 0.026439 0.040789
3 0.162908 0.199342 0.024106 0.035526
15 0.291602 0.069737 0.021773 0.034211
27 0.810264 0.860526 0.045101 0.031579
15 0.322706 0.073026 0.024883 0.032895
14 0.352255 0.075000 0.024883 0.036842
