5 0.933904 0.707895 0.129082 0.113158
12 0.162519 0.067763 0.060653 0.035526
34 0.664463 0.525658 0.150078 0.361842
0 0.071540 0.134211 0.032659 0.050000
34 0.497278 0.513816 0.143857 0.346053
3 0.597589 0.359211 0.031882 0.050000
0 0.406299 0.133553 0.031882 0.051316
34 0.331649 0.513158 0.143857 0.342105
0 0.108087 0.133553 0.031104 0.053947
0 0.220062 0.132895 0.032659 0.047368
0 0.370140 0.134868 0.035770 0.051316
13 0.243779 0.068421 0.053655 0.036842
0 0.444790 0.134868 0.031104 0.051316
0 0.294712 0.134211 0.031104 0.052632
0 0.331260 0.134211 0.032659 0.052632
0 0.144635 0.135526 0.035770 0.052632
16 0.480560 0.069737 0.046656 0.036842
14 0.291991 0.070395 0.022551 0.035526
0 0.184681 0.134211 0.033437 0.052632
0 0.032659 0.133553 0.037325 0.053947
3 0.265163 0.358553 0.027994 0.043421
3 0.431960 0.357237 0.031882 0.051316
0 0.256610 0.132895 0.032659 0.050000
14 0.321151 0.071711 0.021773 0.035526
14 0.351089 0.071053 0.025661 0.036842
0 0.482893 0.134211 0.035770 0.052632
