15 0.333981 0.075000 0.024106 0.039474
15 0.363919 0.076316 0.026439 0.039474
7 0.042768 0.927632 0.054432 0.086842
2 0.654743 0.656579 0.085537 0.071053
12 0.180404 0.073026 0.066874 0.035526
13 0.257776 0.072368 0.052100 0.036842
8 0.950622 0.928947 0.058320 0.076316
16 0.488336 0.074342 0.038880 0.043421
1 0.216174 0.594737 0.167963 0.218421
6 0.103421 0.825658 0.071540 0.106579
5 0.849145 0.807895 0.108865 0.071053
2 0.798989 0.598026 0.078538 0.159211
3 0.446734 0.804605 0.024106 0.040789
3 0.645412 0.837500 0.023328 0.043421
3 0.550544 0.812500 0.023328 0.040789
0 0.033437 0.138158 0.031104 0.047368
0 0.070762 0.136842 0.031104 0.052632
3 0.248056 0.867763 0.024883 0.040789
9 0.812597 0.694079 0.113530 0.019737
3 0.341757 0.830263 0.022551 0.039474
9 0.246501 0.723684 0.122862 0.018421
15 0.305988 0.075000 0.024106 0.036842
9 0.657465 0.715132 0.092535 0.014474
