34 0.560653 0.378947 0.101089 0.236842
0 0.072317 0.133553 0.032659 0.051316
12 0.166796 0.068421 0.067652 0.036842
3 0.508554 0.790132 0.023328 0.038158
34 0.435848 0.378947 0.101866 0.236842
14 0.291991 0.070395 0.022551 0.035526
20 0.958398 0.827632 0.031882 0.047368
8 0.947900 0.927632 0.059098 0.078947
13 0.244946 0.068421 0.052877 0.036842
5 0.498445 0.575658 0.149300 0.064474
0 0.294712 0.133553 0.031104 0.053947
0 0.145412 0.135526 0.034215 0.052632
0 0.108087 0.133553 0.031104 0.053947
0 0.031882 0.132895 0.035770 0.052632
0 0.219673 0.132895 0.031882 0.047368
14 0.320762 0.071053 0.022551 0.036842
0 0.184681 0.132895 0.031882 0.050000
0 0.257776 0.133553 0.034992 0.051316
7 0.043157 0.928947 0.056765 0.081579
16 0.477838 0.071711 0.044323 0.043421
3 0.389191 0.265789 0.020995 0.034211
14 0.349922 0.072368 0.024883 0.039474
3 0.514386 0.266447 0.022551 0.032895
3 0.390747 0.796711 0.024106 0.038158
6 0.104588 0.813816 0.072317 0.127632
21 0.500389 0.207237 0.184292 0.038158
