12 0.181182 0.073026 0.066874 0.035526
4 0.225894 0.535526 0.100311 0.139474
4 0.774106 0.538158 0.108087 0.152632
4 0.501166 0.536184 0.098756 0.140789
19 0.636858 0.846711 0.101089 0.138158
4 0.638802 0.535526 0.098756 0.142105
4 0.774495 0.227632 0.107309 0.147368
4 0.499611 0.227632 0.108087 0.152632
4 0.638414 0.227632 0.107309 0.150000
4 0.363530 0.536184 0.098756 0.140789
4 0.363142 0.225000 0.107309 0.152632
5 0.070762 0.830921 0.141524 0.069737
0 0.071151 0.137500 0.030327 0.051316
4 0.223561 0.223026 0.111198 0.161842
17 0.549378 0.075658 0.044323 0.038158
14 0.335537 0.075000 0.025661 0.036842
13 0.258554 0.072368 0.052100 0.034211
0 0.034603 0.138816 0.031882 0.046053
19 0.225117 0.848026 0.098756 0.140789
0 0.145801 0.135526 0.033437 0.052632
3 0.720062 0.463158 0.026439 0.044737
3 0.445568 0.774342 0.024883 0.040789
0 0.109642 0.136842 0.029549 0.055263
3 0.170684 0.775000 0.027216 0.044737
3 0.720451 0.774342 0.027216 0.043421
16 0.491446 0.074342 0.041991 0.038158
3 0.446734 0.151974 0.024106 0.040789
3 0.445956 0.463816 0.025661 0.040789
3 0.582815 0.773684 0.025661 0.042105
3 0.308320 0.773684 0.025661 0.042105
3 0.583204 0.463158 0.026439 0.042105
3 0.171073 0.463816 0.024883 0.040789
3 0.308709 0.463158 0.024883 0.042105
3 0.721617 0.153289 0.024883 0.040789
3 0.583981 0.153289 0.024883 0.040789
14 0.305988 0.075000 0.022551 0.034211
4 0.774883 0.846053 0.100311 0.150000
4 0.500389 0.830921 0.100311 0.114474
19 0.774883 0.846711 0.101866 0.146053
19 0.364308 0.850000 0.101866 0.157895
0 0.184681 0.138816 0.034992 0.056579
0 0.223561 0.138158 0.031882 0.052632
0 0.257387 0.135526 0.031104 0.055263
0 0.292379 0.135526 0.034215 0.055263
0 0.335148 0.136842 0.037325 0.055263
