1 0.221229 0.603289 0.173406 0.214474
3 0.251166 0.870395 0.023328 0.035526
3 0.342535 0.832237 0.024106 0.043421
3 0.447123 0.807237 0.026439 0.040789
3 0.551322 0.815132 0.024883 0.043421
3 0.646579 0.837500 0.025661 0.043421
19 0.299767 0.917763 0.086314 0.138158
4 0.394635 0.895395 0.090980 0.153947
4 0.494168 0.879605 0.086314 0.148684
4 0.589425 0.894737 0.074650 0.147368
4 0.692068 0.920395 0.104199 0.140789
11 0.811042 0.424342 0.034215 0.059211
2 0.816874 0.528289 0.150078 0.243421
9 0.248834 0.726316 0.122862 0.015789
9 0.814930 0.675000 0.125972 0.015789
18 0.196345 0.753289 0.024106 0.032895
18 0.761275 0.702632 0.021773 0.034211
18 0.786547 0.703947 0.022551 0.028947
18 0.810653 0.703289 0.022551 0.030263
18 0.835925 0.703947 0.021773 0.028947
5 0.851089 0.809211 0.111198 0.078947
6 0.104199 0.828289 0.071540 0.109211
7 0.045101 0.932237 0.057543 0.082895
8 0.950233 0.929605 0.059098 0.082895
20 0.959953 0.834211 0.034992 0.052632
0 0.034992 0.142105 0.032659 0.050000
0 0.072317 0.136842 0.035770 0.063158
0 0.108476 0.137500 0.034992 0.059211
12 0.181571 0.075000 0.064541 0.039474
13 0.258554 0.075658 0.050544 0.035526
15 0.305599 0.073684 0.024883 0.036842
15 0.335148 0.076316 0.021773 0.034211
16 0.493002 0.075658 0.045101 0.040789
17 0.550544 0.076316 0.048212 0.039474
