4 0.494168 0.877632 0.089425 0.150000
3 0.250000 0.869079 0.024106 0.038158
4 0.692068 0.917763 0.094868 0.140789
1 0.217341 0.595395 0.167185 0.209211
4 0.393857 0.892105 0.089425 0.147368
19 0.297823 0.923026 0.085537 0.132895
12 0.181182 0.073684 0.068429 0.039474
8 0.950233 0.929605 0.057543 0.080263
3 0.645801 0.838158 0.024106 0.044737
2 0.751555 0.620395 0.120529 0.132895
0 0.110031 0.138158 0.031882 0.057895
3 0.446345 0.805263 0.024883 0.042105
6 0.103810 0.826316 0.070762 0.105263
7 0.045101 0.929605 0.057543 0.085526
5 0.851089 0.809211 0.108087 0.073684
17 0.550544 0.075000 0.045101 0.042105
0 0.071928 0.138158 0.031882 0.052632
3 0.342146 0.829605 0.023328 0.040789
0 0.146190 0.136842 0.037325 0.055263
0 0.185070 0.138158 0.031104 0.050000
9 0.239891 0.724342 0.140747 0.040789
0 0.034215 0.139474 0.032659 0.050000
0 0.222006 0.137500 0.033437 0.051316
14 0.335925 0.076316 0.026439 0.044737
3 0.549767 0.813816 0.023328 0.040789
0 0.259331 0.137500 0.036547 0.059211
13 0.258554 0.074342 0.052100 0.038158
16 0.492224 0.075658 0.045101 0.040789
25 0.747667 0.484211 0.028771 0.055263
14 0.306376 0.075658 0.026439 0.040789
18 0.197512 0.751316 0.024883 0.031579
9 0.740280 0.713816 0.189736 0.027632
18 0.671462 0.744737 0.020995 0.028947
18 0.697123 0.744079 0.020995 0.032895
4 0.588258 0.896053 0.078538 0.144737
