4 0.363919 0.840132 0.102644 0.132895
12 0.181571 0.073684 0.069207 0.034211
5 0.071151 0.832895 0.142302 0.068421
4 0.500778 0.536842 0.099533 0.144737
19 0.226283 0.849342 0.099533 0.140789
4 0.638414 0.536184 0.099533 0.143421
17 0.550156 0.075658 0.044323 0.038158
0 0.071540 0.138158 0.031104 0.052632
3 0.446734 0.152632 0.025661 0.039474
3 0.308709 0.775000 0.024883 0.042105
4 0.225505 0.535526 0.101089 0.142105
4 0.774883 0.539474 0.108087 0.150000
3 0.720451 0.463816 0.027216 0.043421
0 0.034603 0.139474 0.033437 0.047368
3 0.721617 0.152632 0.024883 0.039474
0 0.109642 0.137500 0.027994 0.053947
3 0.170684 0.775658 0.027216 0.043421
16 0.489502 0.075000 0.038103 0.039474
4 0.363530 0.536184 0.100311 0.143421
3 0.584370 0.152632 0.025661 0.039474
14 0.335537 0.076316 0.025661 0.039474
3 0.171462 0.464474 0.025661 0.039474
3 0.308709 0.463816 0.024883 0.040789
3 0.445956 0.463816 0.025661 0.040789
13 0.255832 0.074342 0.046656 0.035526
3 0.583593 0.463158 0.025661 0.042105
14 0.305988 0.076316 0.024106 0.036842
3 0.308709 0.153289 0.024883 0.038158
4 0.224728 0.225658 0.113530 0.156579
4 0.362364 0.227632 0.104199 0.152632
4 0.500389 0.228947 0.108087 0.157895
4 0.639969 0.228947 0.104199 0.150000
4 0.775272 0.226974 0.105754 0.148684
0 0.146579 0.138158 0.033437 0.055263
