1 0.219285 0.598026 0.171073 0.225000
2 0.824650 0.557895 0.145412 0.192105
2 0.657854 0.639474 0.066874 0.057895
9 0.666407 0.689474 0.104199 0.021053
9 0.814930 0.675658 0.127527 0.019737
11 0.663686 0.534211 0.036547 0.044737
11 0.813764 0.426316 0.030327 0.050000
18 0.625583 0.717105 0.025661 0.026316
18 0.762830 0.705263 0.021773 0.031579
9 0.247667 0.727632 0.122084 0.018421
6 0.104199 0.826316 0.066874 0.110526
7 0.044712 0.933553 0.055210 0.080263
5 0.851089 0.809868 0.108087 0.072368
8 0.950233 0.932237 0.062208 0.080263
3 0.250389 0.871711 0.024883 0.043421
4 0.297823 0.923684 0.082426 0.131579
3 0.342535 0.831579 0.022551 0.031579
4 0.393468 0.897368 0.088647 0.144737
3 0.447900 0.805921 0.021773 0.038158
4 0.492224 0.880921 0.087092 0.140789
3 0.551711 0.817763 0.020995 0.038158
4 0.590980 0.897368 0.074650 0.147368
3 0.646967 0.841447 0.024883 0.046053
4 0.694790 0.921053 0.100311 0.139474
0 0.035381 0.140132 0.034992 0.046053
0 0.071540 0.137500 0.037325 0.056579
0 0.110420 0.139474 0.031104 0.050000
12 0.180793 0.075658 0.067652 0.032895
13 0.258554 0.072368 0.052100 0.039474
15 0.305988 0.075658 0.024106 0.038158
15 0.334759 0.075658 0.025661 0.038158
16 0.492224 0.072368 0.045101 0.042105
17 0.550156 0.074342 0.047434 0.046053
