1 0.217729 0.594079 0.163297 0.209211
0 0.036159 0.142763 0.030327 0.046053
12 0.180793 0.075000 0.064541 0.028947
13 0.257387 0.073684 0.041991 0.036842
15 0.305988 0.075658 0.025661 0.035526
15 0.337092 0.076974 0.022551 0.032895
16 0.489502 0.076316 0.036547 0.036842
17 0.548600 0.073684 0.047434 0.039474
9 0.240669 0.726974 0.140747 0.046053
9 0.576594 0.694737 0.103421 0.023684
9 0.704899 0.707895 0.101866 0.018421
9 0.820373 0.690789 0.101089 0.021053
2 0.573872 0.544079 0.065319 0.267105
2 0.703733 0.557895 0.057543 0.260526
2 0.817652 0.543421 0.061431 0.255263
11 0.575816 0.381579 0.034992 0.063158
10 0.705677 0.392105 0.041213 0.065789
11 0.819984 0.378289 0.042768 0.059211
18 0.536547 0.720395 0.023328 0.035526
18 0.662908 0.735526 0.020995 0.028947
18 0.780327 0.715132 0.019440 0.030263
5 0.851089 0.811842 0.111198 0.073684
6 0.102644 0.828289 0.069984 0.106579
7 0.047434 0.929605 0.055988 0.088158
8 0.950233 0.932895 0.060653 0.086842
19 0.299378 0.925658 0.090202 0.148684
4 0.392691 0.899342 0.099533 0.151316
19 0.497667 0.878947 0.093313 0.147368
19 0.593313 0.894079 0.077760 0.153947
19 0.690513 0.924342 0.104199 0.135526
3 0.647745 0.842105 0.024883 0.047368
3 0.552100 0.813816 0.026439 0.043421
3 0.448289 0.805921 0.025661 0.038158
3 0.251166 0.871053 0.026439 0.039474
