0 0.072317 0.135526 0.031104 0.050000
0 0.371306 0.135526 0.031882 0.050000
12 0.167574 0.070395 0.069207 0.038158
21 0.498445 0.290789 0.491446 0.118421
0 0.333204 0.136842 0.036547 0.050000
0 0.409409 0.134211 0.031882 0.052632
0 0.184292 0.136184 0.032659 0.056579
0 0.260109 0.136842 0.033437 0.052632
0 0.445956 0.135526 0.031882 0.052632
3 0.269051 0.438816 0.023328 0.038158
14 0.322706 0.071711 0.023328 0.035526
13 0.479782 0.072368 0.046656 0.042105
0 0.221229 0.136842 0.036547 0.052632
3 0.445179 0.437500 0.022551 0.038158
0 0.109642 0.136184 0.034215 0.051316
0 0.295879 0.135526 0.034992 0.052632
3 0.622862 0.437500 0.024883 0.040789
5 0.497667 0.813158 0.149300 0.071053
4 0.498834 0.513816 0.103421 0.146053
0 0.145801 0.135526 0.033437 0.055263
17 0.537325 0.071711 0.043546 0.040789
13 0.246112 0.069737 0.055210 0.039474
14 0.352255 0.072368 0.024883 0.036842
0 0.033048 0.136184 0.038103 0.053947
19 0.675739 0.515132 0.099533 0.138158
0 0.025661 0.078289 0.031104 0.046053
4 0.675739 0.513816 0.101089 0.146053
15 0.292379 0.071711 0.023328 0.032895
19 0.324261 0.515789 0.097978 0.144737
