8 0.293935 0.123810 0.034215 0.057143
16 0.500000 0.314286 0.485226 0.109524
20 0.294712 0.066071 0.026439 0.036905
8 0.222006 0.123810 0.031882 0.050000
20 0.324650 0.066071 0.024106 0.036905
8 0.106532 0.124405 0.032659 0.046429
8 0.333204 0.123810 0.031882 0.050000
8 0.146190 0.121429 0.035770 0.054762
2 0.220840 0.639881 0.147745 0.186905
8 0.258165 0.121429 0.027994 0.050000
8 0.183904 0.121429 0.030327 0.050000
13 0.631026 0.757143 0.031882 0.050000
8 0.444790 0.120833 0.032659 0.046429
8 0.370140 0.121429 0.034215 0.052381
8 0.407854 0.123214 0.031882 0.044048
8 0.071151 0.124405 0.030327 0.044048
20 0.354977 0.067262 0.022551 0.034524
8 0.031882 0.124405 0.032659 0.041667
14 0.500778 0.424405 0.242613 0.077381
26 0.498834 0.458929 0.031882 0.041667
14 0.500000 0.498810 0.234837 0.066667
11 0.863530 0.739881 0.167185 0.127381
