0 0.033826 0.139474 0.031882 0.052632
1 0.215008 0.596711 0.165630 0.214474
2 0.571540 0.542105 0.065319 0.271053
2 0.697900 0.559868 0.061431 0.259211
2 0.815319 0.537500 0.061431 0.264474
3 0.248445 0.871053 0.024106 0.039474
3 0.340980 0.832237 0.025661 0.038158
3 0.445179 0.805263 0.022551 0.039474
3 0.551711 0.815132 0.022551 0.046053
3 0.644246 0.838158 0.024106 0.044737
5 0.851089 0.808553 0.106532 0.069737
6 0.100700 0.826316 0.069207 0.113158
7 0.045879 0.933553 0.055988 0.088158
8 0.949456 0.932895 0.057543 0.084211
12 0.180016 0.071053 0.067652 0.039474
13 0.255054 0.071711 0.043546 0.032895
14 0.305599 0.076974 0.026439 0.038158
15 0.335537 0.077632 0.025661 0.039474
16 0.487170 0.075658 0.031882 0.038158
17 0.550156 0.071711 0.039658 0.038158
9 0.249222 0.726316 0.122084 0.018421
9 0.576205 0.692763 0.101089 0.019737
9 0.705288 0.706579 0.097978 0.021053
9 0.822706 0.688158 0.102644 0.023684
