8 0.949456 0.927632 0.057543 0.076316
16 0.486781 0.073684 0.034215 0.039474
2 0.781882 0.632237 0.061431 0.064474
12 0.180793 0.071053 0.069207 0.034211
13 0.254666 0.072368 0.045879 0.039474
5 0.849145 0.806579 0.108865 0.071053
3 0.445179 0.801974 0.022551 0.038158
1 0.215008 0.596053 0.165630 0.213158
15 0.333204 0.073684 0.024106 0.039474
3 0.644246 0.834868 0.022551 0.046053
3 0.547823 0.810526 0.022551 0.039474
7 0.041991 0.926316 0.055988 0.084211
15 0.364308 0.073684 0.025661 0.039474
6 0.101477 0.826316 0.069207 0.107895
3 0.248445 0.865132 0.024106 0.038158
3 0.340980 0.826974 0.022551 0.038158
2 0.636858 0.653947 0.073095 0.057895
15 0.305599 0.075658 0.026439 0.038158
0 0.033826 0.133553 0.031882 0.059211
9 0.646190 0.707895 0.099533 0.023684
9 0.248445 0.726316 0.120529 0.026316
9 0.789269 0.688816 0.101089 0.017105
