35 0.622473 0.658553 0.164075 0.096053
35 0.620529 0.550000 0.166407 0.097368
12 0.179238 0.068421 0.069207 0.034211
5 0.849533 0.807895 0.111198 0.076316
0 0.219285 0.133553 0.032659 0.056579
0 0.069207 0.133553 0.032659 0.053947
3 0.644246 0.834868 0.022551 0.038158
1 0.216174 0.598026 0.161742 0.201316
8 0.947900 0.923026 0.059098 0.075000
13 0.256610 0.069079 0.055988 0.038158
16 0.490280 0.070395 0.047434 0.040789
7 0.041991 0.925658 0.055988 0.088158
0 0.106532 0.132895 0.032659 0.052632
6 0.102255 0.824342 0.067652 0.114474
2 0.784992 0.618421 0.069207 0.147368
9 0.246890 0.720395 0.128305 0.025000
3 0.445179 0.802632 0.022551 0.039474
0 0.143857 0.132237 0.032659 0.053947
14 0.332426 0.071711 0.022551 0.038158
0 0.181960 0.132895 0.034215 0.052632
3 0.247667 0.863816 0.022551 0.035526
3 0.341369 0.826974 0.021773 0.038158
14 0.361586 0.071053 0.026439 0.039474
15 0.303655 0.070395 0.024106 0.035526
3 0.549378 0.809868 0.022551 0.038158
0 0.031493 0.134211 0.031882 0.050000
20 0.957232 0.826316 0.034215 0.052632
9 0.789658 0.707895 0.097201 0.015789
