2 0.579705 0.659868 0.052100 0.046053
2 0.852644 0.652632 0.047434 0.042105
0 0.071540 0.135526 0.032659 0.052632
13 0.242224 0.071711 0.045879 0.038158
12 0.167574 0.070395 0.067652 0.035526
15 0.349922 0.075658 0.026439 0.040789
0 0.220840 0.134211 0.032659 0.052632
0 0.146190 0.136842 0.032659 0.052632
0 0.184681 0.134211 0.031882 0.052632
0 0.258165 0.138158 0.035770 0.060526
9 0.236392 0.728289 0.132193 0.019737
3 0.446734 0.801974 0.024106 0.038158
16 0.478616 0.072368 0.044323 0.042105
0 0.108476 0.135526 0.031882 0.057895
8 0.947900 0.923026 0.057543 0.082895
5 0.850700 0.806579 0.110420 0.071053
0 0.032659 0.134868 0.035770 0.053947
3 0.644246 0.834211 0.024106 0.042105
14 0.321540 0.073026 0.022551 0.038158
20 0.957621 0.826316 0.030327 0.047368
3 0.340980 0.826974 0.022551 0.038158
9 0.851866 0.701974 0.076983 0.017105
3 0.549378 0.807895 0.024106 0.042105
7 0.042379 0.926316 0.053655 0.081579
3 0.247667 0.864474 0.022551 0.039474
6 0.102644 0.813816 0.069984 0.109211
14 0.291991 0.073684 0.025661 0.039474
9 0.582815 0.713816 0.075428 0.019737
1 0.239114 0.610526 0.123639 0.189474
