12 0.164463 0.064474 0.067652 0.034211
34 0.499222 0.876974 0.102644 0.232895
0 0.182348 0.133553 0.031882 0.051316
6 0.102644 0.809211 0.073095 0.113158
2 0.248834 0.564474 0.153966 0.244737
0 0.555210 0.133553 0.035770 0.056579
0 0.030327 0.132237 0.034215 0.051316
0 0.330093 0.132895 0.031882 0.052632
0 0.443624 0.134211 0.031882 0.050000
0 0.292768 0.132895 0.030327 0.052632
0 0.516719 0.130263 0.030327 0.052632
0 0.144635 0.133553 0.034215 0.051316
0 0.071151 0.132895 0.031882 0.050000
0 0.368585 0.133553 0.035770 0.051316
0 0.218118 0.130921 0.031882 0.046053
2 0.755054 0.563158 0.241058 0.239474
0 0.255054 0.132895 0.034215 0.052632
0 0.404743 0.133553 0.031882 0.051316
0 0.478616 0.132237 0.030327 0.046053
14 0.349145 0.069737 0.021773 0.034211
0 0.106921 0.132895 0.030327 0.052632
13 0.240280 0.064474 0.051322 0.034211
20 0.956065 0.826316 0.030327 0.050000
14 0.289658 0.067105 0.024106 0.039474
14 0.407854 0.069079 0.025661 0.038158
9 0.485226 0.726974 0.155521 0.025000
5 0.846812 0.809211 0.118196 0.071053
9 0.223173 0.710526 0.219285 0.021053
9 0.774106 0.709211 0.218507 0.021053
3 0.178072 0.884211 0.021773 0.039474
16 0.478616 0.064474 0.047434 0.034211
14 0.319207 0.067105 0.022551 0.034211
14 0.375194 0.070395 0.024106 0.038158
3 0.457232 0.773026 0.021773 0.032895
1 0.510109 0.613816 0.116641 0.188158
8 0.949456 0.934211 0.055988 0.081579
7 0.045490 0.926974 0.053655 0.085526
3 0.583204 0.808553 0.018663 0.038158
3 0.666796 0.826316 0.022551 0.036842
3 0.738725 0.844737 0.021773 0.036842
3 0.798212 0.873026 0.020995 0.038158
3 0.327372 0.829605 0.023328 0.030263
3 0.246890 0.854605 0.024106 0.040789
3 0.119362 0.930921 0.024106 0.025000
