8 0.949456 0.932237 0.059098 0.075000
12 0.177683 0.069079 0.067652 0.038158
14 0.332426 0.069737 0.024106 0.039474
6 0.102255 0.823026 0.069207 0.114474
0 0.257387 0.136184 0.034215 0.056579
16 0.489891 0.070395 0.043546 0.046053
5 0.849145 0.808553 0.116641 0.077632
3 0.645023 0.832895 0.024106 0.039474
3 0.445956 0.801974 0.024106 0.040789
0 0.220840 0.136184 0.035770 0.051316
2 0.618974 0.634211 0.063764 0.100000
7 0.041602 0.927632 0.055210 0.078947
0 0.293157 0.134868 0.034215 0.056579
3 0.340980 0.826316 0.024106 0.039474
9 0.240669 0.721711 0.140747 0.038158
0 0.145412 0.137500 0.034215 0.053947
0 0.108476 0.135526 0.030327 0.052632
14 0.363530 0.069737 0.024106 0.039474
1 0.224339 0.600658 0.150078 0.201316
14 0.303655 0.070395 0.022551 0.038158
0 0.181182 0.138158 0.034215 0.050000
13 0.256221 0.067105 0.053655 0.039474
0 0.442846 0.133553 0.031882 0.059211
0 0.369751 0.130921 0.031882 0.059211
0 0.331260 0.134211 0.027994 0.052632
0 0.071151 0.135526 0.031882 0.052632
0 0.033826 0.138816 0.031882 0.046053
0 0.405910 0.130263 0.032659 0.057895
20 0.958009 0.831579 0.027994 0.047368
2 0.742613 0.613158 0.065319 0.144737
9 0.620918 0.714474 0.083204 0.015789
9 0.743002 0.721053 0.081649 0.021053
