12 0.181960 0.073026 0.069984 0.035526
5 0.865086 0.713158 0.143857 0.113158
0 0.294712 0.138158 0.035770 0.047368
0 0.034992 0.139474 0.034215 0.047368
13 0.257387 0.072368 0.049767 0.036842
0 0.258554 0.137500 0.033437 0.056579
0 0.145801 0.136842 0.038103 0.057895
14 0.335148 0.075000 0.026439 0.042105
0 0.072317 0.136184 0.031104 0.051316
0 0.109253 0.138158 0.031882 0.057895
1 0.216952 0.603289 0.163297 0.214474
0 0.185848 0.138158 0.029549 0.047368
0 0.371695 0.137500 0.031104 0.056579
0 0.222006 0.137500 0.031882 0.048684
0 0.333204 0.138158 0.036547 0.047368
0 0.408243 0.136184 0.027994 0.051316
17 0.550544 0.074342 0.043546 0.038158
14 0.305599 0.075000 0.023328 0.036842
29 0.646190 0.670395 0.217729 0.232895
