17 0.537714 0.071711 0.042768 0.043421
0 0.371306 0.136184 0.031882 0.053947
12 0.167574 0.070395 0.069207 0.035526
19 0.692457 0.921711 0.100311 0.140789
0 0.071928 0.137500 0.030327 0.048684
4 0.590980 0.894079 0.082426 0.143421
0 0.333593 0.137500 0.037325 0.053947
1 0.244557 0.616447 0.106532 0.185526
4 0.493390 0.875000 0.089425 0.152632
14 0.322706 0.071711 0.023328 0.038158
14 0.293935 0.071711 0.024883 0.035526
0 0.221617 0.138158 0.035770 0.052632
5 0.850311 0.809211 0.115863 0.073684
0 0.260498 0.138158 0.034215 0.055263
19 0.393468 0.895395 0.090202 0.146053
0 0.183904 0.136184 0.031882 0.056579
0 0.146579 0.136184 0.031882 0.059211
7 0.044323 0.932237 0.057543 0.088158
14 0.351866 0.071711 0.024106 0.038158
0 0.296267 0.136842 0.034215 0.052632
13 0.246112 0.069079 0.053655 0.038158
4 0.298989 0.917105 0.081649 0.134211
3 0.446734 0.802632 0.024106 0.036842
0 0.445568 0.134211 0.032659 0.052632
0 0.409020 0.132895 0.031104 0.055263
3 0.646579 0.834211 0.025661 0.044737
6 0.103421 0.816447 0.069984 0.111842
3 0.550933 0.811842 0.027216 0.047368
0 0.108476 0.137500 0.033437 0.048684
0 0.034603 0.138158 0.034992 0.055263
3 0.343701 0.829605 0.026439 0.048684
3 0.250389 0.866447 0.024883 0.043421
16 0.480171 0.071711 0.045879 0.043421
8 0.949844 0.931579 0.056765 0.081579
0 0.025661 0.079605 0.031104 0.048684
9 0.247667 0.731579 0.185848 0.036842
9 0.712286 0.729605 0.231726 0.022368
2 0.708009 0.561184 0.176516 0.259211
31 0.713453 0.361842 0.033437 0.050000
20 0.960731 0.828289 0.030327 0.048684
