4 0.223561 0.295395 0.112753 0.156579
0 0.181960 0.135526 0.034215 0.055263
19 0.224728 0.915132 0.097978 0.140789
0 0.145801 0.134868 0.030327 0.053947
4 0.499611 0.294079 0.104977 0.146053
0 0.071540 0.135526 0.029549 0.047368
4 0.636081 0.913816 0.102644 0.140789
12 0.167574 0.071053 0.067652 0.034211
4 0.362753 0.293421 0.104977 0.147368
19 0.774495 0.913816 0.097978 0.132895
19 0.774495 0.604605 0.096423 0.132895
0 0.370140 0.135526 0.031104 0.047368
5 0.070762 0.828947 0.141524 0.071053
17 0.537325 0.073026 0.043546 0.040789
3 0.582815 0.840132 0.025661 0.040789
3 0.445568 0.840132 0.023328 0.038158
3 0.720451 0.840789 0.024106 0.039474
0 0.109642 0.135526 0.032659 0.047368
3 0.308320 0.838816 0.024106 0.040789
3 0.309098 0.530263 0.024106 0.039474
3 0.583981 0.531579 0.024883 0.039474
19 0.361198 0.915132 0.098756 0.140789
3 0.446734 0.530263 0.024106 0.039474
3 0.720451 0.530921 0.025661 0.040789
4 0.636858 0.607895 0.101089 0.142105
13 0.245723 0.071053 0.052877 0.036842
0 0.259331 0.136842 0.033437 0.050000
0 0.033437 0.135526 0.037325 0.050000
0 0.296656 0.135526 0.034992 0.050000
3 0.170684 0.839474 0.024106 0.039474
14 0.351866 0.072368 0.024106 0.034211
0 0.220062 0.137500 0.032659 0.051316
14 0.293157 0.072368 0.023328 0.034211
0 0.407854 0.133553 0.030327 0.051316
4 0.499611 0.603947 0.101866 0.142105
3 0.722006 0.221053 0.025661 0.039474
14 0.322317 0.071711 0.022551 0.035526
13 0.479782 0.073026 0.048212 0.040789
0 0.332815 0.134868 0.035770 0.046053
3 0.583981 0.219737 0.024883 0.039474
4 0.499222 0.915132 0.099533 0.143421
4 0.363142 0.603289 0.102644 0.135526
0 0.444012 0.134868 0.035770 0.046053
3 0.447123 0.220395 0.024883 0.038158
3 0.171851 0.531579 0.024883 0.036842
4 0.228227 0.608553 0.106532 0.143421
4 0.776827 0.298684 0.099533 0.144737
4 0.637636 0.295395 0.102644 0.146053
3 0.310653 0.220395 0.027216 0.043421
