4 0.500389 0.511842 0.104977 0.139474
4 0.324261 0.515132 0.108865 0.146053
12 0.181571 0.073026 0.069207 0.038158
17 0.550156 0.075000 0.047434 0.039474
3 0.269051 0.438816 0.026439 0.040789
0 0.035381 0.139474 0.036547 0.052632
5 0.496890 0.815789 0.147745 0.065789
16 0.489502 0.073684 0.038103 0.039474
0 0.110420 0.136842 0.029549 0.057895
3 0.447512 0.438158 0.024106 0.039474
3 0.621695 0.435526 0.022551 0.039474
4 0.679238 0.517763 0.111198 0.146053
0 0.071928 0.140789 0.030327 0.057895
0 0.146190 0.136842 0.035770 0.052632
13 0.254666 0.075658 0.045879 0.038158
21 0.500389 0.294079 0.489114 0.117105
14 0.305988 0.076974 0.025661 0.038158
14 0.335537 0.076974 0.025661 0.043421
