4 0.395801 0.883553 0.094868 0.135526
4 0.214619 0.929605 0.074650 0.119737
9 0.739502 0.719737 0.233281 0.026316
5 0.498834 0.578289 0.151633 0.072368
0 0.072317 0.135526 0.031104 0.050000
12 0.167574 0.070395 0.069207 0.038158
13 0.480171 0.070395 0.047434 0.038158
0 0.371306 0.135526 0.033437 0.050000
0 0.593701 0.134868 0.034992 0.051316
0 0.333593 0.136184 0.037325 0.051316
0 0.259720 0.136842 0.034215 0.055263
0 0.184292 0.136184 0.032659 0.056579
0 0.295879 0.135526 0.034992 0.055263
0 0.221229 0.136184 0.036547 0.053947
14 0.322317 0.071711 0.024106 0.038158
0 0.446345 0.136184 0.032659 0.051316
3 0.447123 0.800658 0.023328 0.040789
0 0.145801 0.136184 0.033437 0.056579
0 0.109642 0.136184 0.034215 0.051316
0 0.482504 0.135526 0.030327 0.052632
0 0.520607 0.137500 0.038103 0.051316
0 0.409798 0.134868 0.032659 0.053947
3 0.646579 0.822368 0.024106 0.039474
11 0.750000 0.403947 0.036547 0.063158
1 0.241446 0.615789 0.112753 0.181579
7 0.043546 0.930921 0.057543 0.088158
8 0.948678 0.926316 0.060653 0.086842
14 0.352255 0.071711 0.024883 0.038158
0 0.557932 0.135526 0.031882 0.050000
6 0.104199 0.815132 0.074650 0.114474
0 0.033826 0.136842 0.036547 0.055263
4 0.596423 0.883553 0.087092 0.138158
13 0.246501 0.069737 0.055988 0.039474
2 0.740280 0.575000 0.208398 0.242105
19 0.499611 0.874342 0.094090 0.135526
3 0.551322 0.807895 0.024883 0.039474
18 0.664075 0.747368 0.021773 0.031579
3 0.342924 0.821711 0.023328 0.038158
9 0.239114 0.728289 0.136081 0.025000
3 0.250000 0.851316 0.024106 0.042105
0 0.632970 0.136184 0.032659 0.051316
3 0.166407 0.892105 0.021773 0.036842
0 0.025661 0.078289 0.031104 0.046053
4 0.771773 0.925658 0.100311 0.125000
17 0.536936 0.071053 0.042768 0.039474
3 0.729782 0.849342 0.022551 0.035526
18 0.183126 0.757237 0.020995 0.030263
5 0.849922 0.808553 0.104199 0.067105
18 0.639191 0.748684 0.021773 0.034211
21 0.498445 0.205921 0.311042 0.043421
4 0.305599 0.907895 0.085537 0.144737
4 0.678460 0.913158 0.072317 0.144737
20 0.958398 0.832237 0.027216 0.048684
15 0.291991 0.075658 0.025661 0.035526
