12 0.181571 0.073026 0.069207 0.035526
5 0.850700 0.808553 0.110420 0.072368
19 0.692068 0.922368 0.101089 0.134211
7 0.044323 0.931579 0.057543 0.084211
3 0.342535 0.830263 0.024106 0.042105
0 0.295101 0.138816 0.034992 0.048684
0 0.371695 0.136842 0.032659 0.057895
4 0.494557 0.874342 0.085537 0.148684
3 0.447123 0.804605 0.023328 0.040789
8 0.949844 0.927632 0.058320 0.084211
0 0.034603 0.139474 0.033437 0.047368
19 0.297434 0.924342 0.084759 0.127632
4 0.589036 0.894737 0.076983 0.144737
13 0.258554 0.072368 0.052100 0.036842
3 0.646190 0.838816 0.026439 0.046053
3 0.550156 0.813158 0.024106 0.044737
14 0.335537 0.075658 0.025661 0.040789
2 0.734059 0.582237 0.125972 0.190789
3 0.249611 0.869079 0.024883 0.038158
0 0.145412 0.136842 0.038880 0.057895
9 0.239502 0.723684 0.143079 0.036842
0 0.185848 0.138158 0.029549 0.047368
0 0.258554 0.136842 0.033437 0.055263
0 0.072317 0.136842 0.031104 0.052632
0 0.333204 0.138158 0.034992 0.047368
6 0.103421 0.827632 0.068429 0.113158
0 0.109642 0.136184 0.031104 0.056579
1 0.235226 0.601316 0.129860 0.197368
0 0.222006 0.137500 0.031882 0.048684
17 0.550156 0.075000 0.045879 0.042105
4 0.393857 0.890789 0.090980 0.147368
18 0.196345 0.753947 0.022551 0.031579
16 0.491446 0.074342 0.046656 0.040789
14 0.305599 0.075658 0.023328 0.035526
11 0.746501 0.439474 0.040435 0.060526
9 0.741446 0.706579 0.207621 0.039474
18 0.664075 0.736184 0.023328 0.027632
