3 0.216563 0.595395 0.162519 0.214474
4 0.659409 0.638158 0.063764 0.071053
4 0.823872 0.535526 0.148523 0.239474
5 0.248056 0.723684 0.032659 0.026316
5 0.664075 0.689474 0.026439 0.021053
5 0.813764 0.673026 0.031882 0.027632
6 0.299378 0.936842 0.085537 0.121053
6 0.391913 0.905263 0.093313 0.139474
6 0.494168 0.888158 0.090980 0.134211
6 0.691291 0.929605 0.102644 0.138158
6 0.592535 0.901974 0.087092 0.138158
9 0.251944 0.869737 0.020218 0.031579
9 0.344479 0.825658 0.023328 0.038158
9 0.448678 0.803947 0.020218 0.036842
9 0.552488 0.817763 0.022551 0.035526
9 0.647356 0.841447 0.016330 0.035526
