6 0.167574 0.957895 0.075428 0.071053
6 0.243002 0.937500 0.076983 0.103947
6 0.322317 0.913816 0.075428 0.114474
8 0.407076 0.821711 0.061431 0.027632
6 0.407854 0.886184 0.081649 0.119737
6 0.496112 0.883553 0.085537 0.119737
6 0.583204 0.887500 0.077760 0.117105
6 0.659020 0.911842 0.069207 0.115789
8 0.675350 0.848026 0.045879 0.032895
6 0.734837 0.934868 0.073095 0.114474
6 0.814930 0.950658 0.093313 0.088158
8 0.819596 0.907895 0.041991 0.034211
9 0.129471 0.928289 0.019440 0.032895
9 0.200233 0.885526 0.019440 0.026316
9 0.361586 0.817105 0.018663 0.028947
9 0.454510 0.811842 0.019440 0.031579
9 0.545101 0.803947 0.020218 0.034211
9 0.631804 0.825658 0.016330 0.025000
9 0.710731 0.846053 0.018663 0.026316
9 0.782659 0.876316 0.020995 0.034211
