6 0.211120 0.934211 0.084759 0.102632
3 0.236781 0.613816 0.118974 0.196053
6 0.295879 0.921053 0.083204 0.121053
8 0.295879 0.852632 0.067652 0.031579
6 0.394246 0.896053 0.093313 0.134211
6 0.492613 0.876974 0.089425 0.127632
4 0.500389 0.646053 0.045879 0.052632
4 0.583593 0.663816 0.045879 0.046053
6 0.587092 0.896053 0.087092 0.139474
4 0.665630 0.646711 0.043546 0.056579
6 0.675739 0.909211 0.073095 0.134211
4 0.754277 0.684211 0.041991 0.057895
6 0.768274 0.933553 0.102644 0.114474
4 0.852644 0.652632 0.047434 0.044737
8 0.496501 0.809211 0.076983 0.021053
9 0.166019 0.889474 0.022551 0.039474
9 0.248834 0.852632 0.026439 0.034211
9 0.344868 0.819737 0.025661 0.039474
9 0.447512 0.796053 0.022551 0.034211
9 0.551711 0.802632 0.017885 0.031579
9 0.644635 0.815789 0.021773 0.034211
9 0.729005 0.846053 0.022551 0.039474
5 0.752722 0.744079 0.026439 0.025000
5 0.851089 0.705263 0.025661 0.021053
5 0.665630 0.702632 0.027994 0.023684
5 0.581649 0.712500 0.032659 0.017105
5 0.498834 0.703947 0.033437 0.021053
5 0.241058 0.732895 0.041991 0.026316
