3 0.238725 0.620395 0.118196 0.188158
4 0.711509 0.533553 0.213064 0.325000
5 0.238336 0.732237 0.039658 0.017105
5 0.716174 0.711184 0.048212 0.027632
8 0.211120 0.889474 0.059876 0.042105
6 0.210731 0.940132 0.085537 0.109211
6 0.298600 0.926974 0.085537 0.119737
8 0.393857 0.828289 0.053655 0.022368
6 0.394635 0.901974 0.092535 0.127632
6 0.494557 0.886184 0.093313 0.127632
6 0.590980 0.896053 0.077760 0.147368
6 0.675739 0.913816 0.085537 0.146053
6 0.770995 0.938816 0.097201 0.109211
9 0.169518 0.893421 0.021773 0.039474
9 0.251944 0.852632 0.021773 0.039474
9 0.344479 0.825000 0.021773 0.034211
9 0.446734 0.800658 0.024106 0.046053
9 0.550544 0.805921 0.024883 0.035526
9 0.646190 0.823026 0.023328 0.040789
9 0.730560 0.850658 0.020995 0.046053
