7 0.183515 0.721053 0.020218 0.034211
3 0.216952 0.601316 0.161742 0.213158
5 0.246501 0.723684 0.035770 0.021053
6 0.296267 0.930263 0.087092 0.121053
6 0.392691 0.903289 0.093313 0.138158
6 0.494946 0.889474 0.092535 0.134211
4 0.498445 0.636184 0.048212 0.046053
4 0.582426 0.671711 0.043546 0.056579
6 0.589813 0.903289 0.083204 0.138158
6 0.691291 0.927632 0.102644 0.139474
4 0.851866 0.652632 0.045879 0.052632
4 0.664463 0.646711 0.039658 0.051316
4 0.754666 0.684211 0.045879 0.052632
9 0.248445 0.869079 0.024106 0.040789
9 0.343313 0.826974 0.024106 0.035526
9 0.447123 0.802632 0.018663 0.034211
9 0.550544 0.814474 0.018663 0.039474
9 0.644635 0.835526 0.027994 0.039474
5 0.499222 0.689474 0.032659 0.023684
5 0.582426 0.729605 0.032659 0.022368
5 0.664463 0.704605 0.031882 0.025000
5 0.851866 0.706579 0.020995 0.018421
5 0.753888 0.744737 0.027216 0.023684
