3 0.221184 0.595536 0.169263 0.214286
5 0.247144 0.718750 0.034268 0.023214
6 0.248183 0.930804 0.093458 0.131250
6 0.345794 0.900000 0.093458 0.135714
8 0.348910 0.829018 0.068536 0.029464
6 0.443666 0.879464 0.087747 0.135714
6 0.541277 0.877232 0.090862 0.129464
8 0.549065 0.808929 0.047248 0.026786
4 0.587747 0.534821 0.056075 0.271429
5 0.589304 0.683929 0.037383 0.021429
6 0.634216 0.896875 0.083593 0.140179
6 0.733904 0.927232 0.106438 0.141964
5 0.747923 0.695089 0.038941 0.025893
4 0.749481 0.572321 0.090862 0.160714
7 0.668744 0.695536 0.021807 0.033929
9 0.203011 0.875893 0.016615 0.030357
9 0.297248 0.830804 0.017134 0.029464
9 0.396937 0.799554 0.019211 0.031250
9 0.498183 0.792411 0.020249 0.036607
9 0.598650 0.805357 0.017653 0.041071
9 0.693406 0.837946 0.020249 0.034821
