9 0.118899 0.926786 0.019730 0.033929
8 0.147196 0.917857 0.047248 0.039286
6 0.151350 0.955804 0.068017 0.075893
6 0.216511 0.938839 0.069574 0.102679
3 0.238837 0.605804 0.122534 0.197321
9 0.247664 0.855804 0.018692 0.029464
6 0.289720 0.912054 0.076843 0.108036
8 0.290498 0.854018 0.047248 0.025893
9 0.328401 0.824554 0.020249 0.031250
6 0.368380 0.887054 0.071132 0.109821
8 0.372015 0.825893 0.041018 0.023214
9 0.409398 0.808929 0.018172 0.030357
6 0.452233 0.878571 0.082035 0.114286
8 0.452492 0.819196 0.026480 0.020536
6 0.535826 0.878571 0.071651 0.114286
8 0.544133 0.817411 0.030114 0.020536
4 0.575026 0.537500 0.054517 0.273214
9 0.583593 0.807143 0.018692 0.032143
6 0.613967 0.884375 0.071132 0.115179
8 0.626168 0.825446 0.025961 0.022321
9 0.667186 0.825893 0.019730 0.033929
6 0.687175 0.905357 0.065940 0.116071
4 0.701973 0.551339 0.059190 0.265179
5 0.703790 0.700893 0.036864 0.023214
9 0.737799 0.844196 0.017653 0.031250
6 0.751558 0.925893 0.057632 0.116071
9 0.798287 0.874554 0.019211 0.034821
4 0.817757 0.531696 0.059190 0.268750
6 0.825026 0.947768 0.098650 0.102679
9 0.503375 0.806696 0.022326 0.036607
5 0.238837 0.728571 0.036345 0.021429
5 0.576843 0.690179 0.036345 0.021429
5 0.820872 0.687054 0.036345 0.025893
