3 0.217030 0.601339 0.159917 0.202679
4 0.561526 0.630357 0.061786 0.078571
4 0.678609 0.649554 0.059190 0.059821
4 0.784528 0.628125 0.064382 0.068750
5 0.247404 0.722321 0.036864 0.021429
5 0.566719 0.689732 0.032710 0.020536
5 0.683022 0.704018 0.033749 0.018750
5 0.789460 0.683482 0.033749 0.022321
6 0.290498 0.925446 0.098131 0.140179
6 0.393043 0.896875 0.096573 0.141964
6 0.494289 0.882589 0.091381 0.141964
6 0.586968 0.896429 0.085670 0.151786
6 0.687695 0.924554 0.107477 0.145536
9 0.248962 0.868304 0.022326 0.038393
9 0.342939 0.828571 0.018172 0.033929
9 0.448339 0.803571 0.015057 0.035714
9 0.552960 0.815179 0.018692 0.030357
9 0.647456 0.840625 0.021807 0.041964
