3 0.215992 0.597768 0.161994 0.204464
5 0.247144 0.723214 0.029076 0.023214
6 0.295431 0.932589 0.090343 0.131250
6 0.393043 0.902679 0.096573 0.139286
6 0.495846 0.888393 0.091381 0.132143
6 0.592160 0.902232 0.090862 0.141964
6 0.689772 0.932589 0.102285 0.129464
4 0.750260 0.424554 0.190031 0.395536
5 0.758827 0.706250 0.044133 0.026786
8 0.394341 0.835714 0.071132 0.028571
8 0.497923 0.814732 0.080997 0.022321
8 0.696002 0.865179 0.031672 0.028571
9 0.250779 0.869643 0.023884 0.042857
9 0.342679 0.830357 0.017653 0.033929
9 0.447300 0.803571 0.020249 0.039286
9 0.552181 0.812946 0.022326 0.040179
