3 0.218507 0.600658 0.160187 0.214474
7 0.183515 0.721711 0.018663 0.032895
5 0.247278 0.725658 0.035770 0.025000
4 0.753110 0.614474 0.111198 0.131579
7 0.658243 0.710526 0.022551 0.039474
5 0.746112 0.714474 0.039658 0.026316
8 0.302100 0.865132 0.067652 0.027632
6 0.293546 0.933553 0.097201 0.125000
6 0.392691 0.903289 0.094868 0.132895
6 0.493390 0.890789 0.090980 0.134211
6 0.586703 0.904605 0.089425 0.132895
6 0.690513 0.927632 0.101089 0.134211
9 0.250778 0.868421 0.027216 0.039474
9 0.344868 0.826316 0.019440 0.034211
9 0.448678 0.803289 0.018663 0.035526
9 0.552488 0.814474 0.020995 0.042105
9 0.648523 0.839474 0.024883 0.039474
