3 0.219626 0.599107 0.164071 0.207143
5 0.247923 0.720089 0.034787 0.022321
6 0.248702 0.929464 0.092420 0.132143
6 0.346054 0.900446 0.092939 0.134821
8 0.347612 0.830804 0.062825 0.027679
6 0.443666 0.877232 0.088785 0.129464
8 0.448079 0.808482 0.046729 0.025893
6 0.541018 0.876786 0.090343 0.139286
5 0.555556 0.697768 0.038422 0.020536
6 0.632918 0.894196 0.090343 0.141964
4 0.653686 0.628125 0.061267 0.090179
6 0.736760 0.924554 0.112150 0.147321
4 0.761423 0.574107 0.107477 0.239286
5 0.767394 0.717411 0.043614 0.022321
4 0.555036 0.610714 0.053998 0.137500
5 0.658619 0.701786 0.033749 0.025000
9 0.203271 0.875893 0.023364 0.039286
9 0.296210 0.831250 0.019211 0.032143
9 0.397715 0.800893 0.020768 0.033929
9 0.496885 0.792857 0.021807 0.037500
9 0.600208 0.807589 0.019730 0.036607
9 0.692887 0.836607 0.020249 0.042857
