6 0.162253 0.952679 0.078401 0.083929
9 0.197560 0.883036 0.021288 0.033929
5 0.238318 0.724554 0.034268 0.020536
6 0.237539 0.939286 0.075286 0.108929
3 0.237799 0.608929 0.120457 0.191071
9 0.275182 0.846429 0.021807 0.033929
6 0.318017 0.912054 0.076324 0.118750
9 0.359294 0.815179 0.021807 0.033929
6 0.404984 0.884821 0.080997 0.114286
9 0.451973 0.804911 0.019211 0.033036
6 0.494808 0.880804 0.080997 0.120536
4 0.500000 0.643304 0.046729 0.056250
9 0.544393 0.801786 0.019211 0.033929
6 0.579958 0.887054 0.073728 0.125893
9 0.630582 0.819196 0.019211 0.034821
6 0.657321 0.909375 0.073728 0.127679
5 0.664590 0.697768 0.026999 0.020536
4 0.665888 0.638839 0.046210 0.058036
6 0.732347 0.928571 0.073209 0.125000
6 0.814382 0.945982 0.096054 0.102679
5 0.850467 0.716964 0.029076 0.021429
4 0.852804 0.662054 0.046210 0.058036
9 0.711578 0.842857 0.017134 0.033929
9 0.782710 0.875446 0.019211 0.040179
9 0.126947 0.930357 0.024403 0.039286
5 0.499481 0.702232 0.024922 0.022321
