3 0.217809 0.593750 0.162513 0.210714
5 0.247144 0.721429 0.034268 0.023214
6 0.293873 0.930804 0.096573 0.127679
6 0.393562 0.902679 0.092420 0.137500
6 0.495327 0.886607 0.093458 0.133929
6 0.589045 0.902679 0.082555 0.139286
6 0.688733 0.928125 0.105400 0.140179
4 0.747404 0.437946 0.201973 0.402679
5 0.758567 0.705357 0.049844 0.028571
8 0.696521 0.863393 0.069055 0.037500
9 0.249740 0.870982 0.022845 0.038393
9 0.343458 0.831250 0.022326 0.041071
9 0.447040 0.803125 0.024922 0.040179
9 0.553219 0.815625 0.022326 0.045536
9 0.647196 0.839286 0.019211 0.039286
