9 0.117861 0.927679 0.018692 0.033929
8 0.144341 0.917411 0.045691 0.034821
6 0.150831 0.956250 0.068017 0.075000
9 0.177051 0.890179 0.021807 0.033929
6 0.216511 0.937054 0.068536 0.102679
3 0.237799 0.607143 0.120457 0.200000
6 0.290758 0.915179 0.075805 0.107143
9 0.328401 0.825000 0.019211 0.028571
6 0.367861 0.892411 0.073209 0.106250
8 0.371755 0.829911 0.046729 0.022321
9 0.409398 0.809375 0.019211 0.031250
8 0.451973 0.817857 0.036864 0.021429
6 0.453531 0.879911 0.083593 0.109821
9 0.500260 0.803571 0.017134 0.032143
6 0.535566 0.880804 0.071132 0.115179
4 0.575026 0.536161 0.056594 0.277679
6 0.613188 0.883929 0.073728 0.121429
8 0.622015 0.825000 0.034268 0.021429
6 0.685358 0.902679 0.066459 0.116071
4 0.700935 0.544196 0.059190 0.275893
6 0.751038 0.924554 0.058671 0.115179
4 0.818017 0.533036 0.058671 0.271429
8 0.216771 0.879911 0.051402 0.027679
8 0.544133 0.817857 0.059190 0.021429
8 0.705348 0.848661 0.026480 0.022321
8 0.777259 0.875000 0.019730 0.025000
8 0.836189 0.911161 0.024403 0.027679
6 0.826584 0.949554 0.088266 0.088393
9 0.664849 0.824554 0.019211 0.033036
9 0.738318 0.841964 0.018692 0.033929
9 0.798027 0.870536 0.018692 0.033929
9 0.582814 0.808036 0.019211 0.033929
5 0.239097 0.729911 0.034787 0.022321
5 0.577622 0.691964 0.034787 0.023214
5 0.704309 0.702679 0.035826 0.026786
5 0.821132 0.686607 0.035826 0.025000
