3 0.219626 0.601786 0.165109 0.203571
6 0.248442 0.931696 0.093977 0.129464
5 0.249221 0.720536 0.038422 0.021429
6 0.346573 0.902679 0.090862 0.137500
6 0.444704 0.880804 0.088785 0.138393
6 0.539200 0.878571 0.088785 0.135714
6 0.636033 0.901339 0.091381 0.138393
8 0.646158 0.829911 0.065940 0.031250
4 0.732347 0.580804 0.157321 0.238393
5 0.733385 0.722321 0.039979 0.026786
6 0.737799 0.928571 0.102804 0.139286
9 0.203271 0.875446 0.020249 0.036607
9 0.297248 0.831696 0.020249 0.036607
9 0.397975 0.799554 0.022326 0.038393
9 0.496885 0.790625 0.019730 0.038393
9 0.599429 0.808036 0.019211 0.037500
9 0.694444 0.838839 0.019211 0.036607
