12 0.166796 0.069737 0.069207 0.036842
0 0.445956 0.136184 0.031882 0.053947
14 0.322317 0.071711 0.024106 0.038158
13 0.246112 0.069737 0.055210 0.039474
0 0.371306 0.137500 0.033437 0.051316
5 0.866252 0.714474 0.153966 0.123684
0 0.071928 0.138158 0.030327 0.052632
0 0.333204 0.138158 0.038103 0.052632
0 0.520218 0.138816 0.037325 0.056579
0 0.145801 0.136842 0.033437 0.057895
0 0.184292 0.137500 0.032659 0.059211
0 0.034215 0.138158 0.037325 0.057895
0 0.221229 0.138816 0.036547 0.053947
0 0.295101 0.136842 0.034992 0.055263
0 0.109253 0.140132 0.034992 0.053947
17 0.537325 0.071711 0.043546 0.043421
0 0.409409 0.134868 0.033437 0.053947
0 0.260109 0.138816 0.034992 0.056579
14 0.352255 0.071711 0.024883 0.038158
0 0.482115 0.135526 0.031104 0.055263
0 0.559487 0.137500 0.031882 0.053947
1 0.230171 0.626316 0.146190 0.200000
13 0.480171 0.070395 0.047434 0.040789
14 0.293935 0.071053 0.023328 0.036842
16 0.480171 0.070395 0.047434 0.040789
22 0.678849 0.632895 0.164852 0.171053
