0 0.371695 0.136184 0.032659 0.051316
0 0.072317 0.138816 0.031104 0.051316
0 0.445956 0.135526 0.031882 0.052632
0 0.522162 0.138158 0.041213 0.057895
12 0.166796 0.070395 0.069207 0.035526
0 0.409409 0.134211 0.031882 0.052632
0 0.332815 0.137500 0.038880 0.053947
0 0.482893 0.136184 0.031104 0.056579
0 0.145801 0.135526 0.031882 0.055263
0 0.183904 0.136842 0.031882 0.057895
0 0.221617 0.137500 0.035770 0.053947
13 0.244946 0.069079 0.054432 0.038158
14 0.321928 0.071711 0.023328 0.038158
0 0.033826 0.137500 0.036547 0.056579
0 0.260498 0.138158 0.034215 0.055263
0 0.295879 0.136184 0.034992 0.056579
0 0.109642 0.137500 0.034215 0.051316
17 0.537714 0.071053 0.042768 0.039474
1 0.241446 0.621053 0.122084 0.202632
14 0.352255 0.071711 0.024883 0.038158
13 0.480949 0.071053 0.047434 0.036842
0 0.025272 0.078947 0.033437 0.047368
15 0.291602 0.076316 0.021773 0.036842
2 0.599145 0.582895 0.128305 0.205263
2 0.805988 0.587500 0.125194 0.193421
5 0.322317 0.840132 0.458009 0.064474
5 0.323095 0.919079 0.456454 0.064474
