4 0.692457 0.919079 0.100311 0.138158
4 0.590980 0.896053 0.077760 0.147368
3 0.342535 0.832237 0.024106 0.040789
7 0.044712 0.930921 0.055210 0.085526
4 0.495334 0.877632 0.085537 0.147368
3 0.645801 0.838816 0.024106 0.043421
6 0.103810 0.826316 0.069207 0.107895
5 0.851089 0.809211 0.108087 0.073684
2 0.764774 0.644079 0.081649 0.077632
3 0.550544 0.813816 0.024883 0.040789
3 0.249611 0.869737 0.024883 0.039474
8 0.950622 0.930921 0.059876 0.080263
1 0.218118 0.600658 0.167185 0.214474
3 0.447123 0.805263 0.023328 0.039474
11 0.765941 0.547368 0.038880 0.047368
9 0.767496 0.703947 0.099533 0.018421
18 0.196734 0.753289 0.023328 0.032895
0 0.034215 0.140132 0.032659 0.048684
12 0.182348 0.075000 0.070762 0.036842
9 0.242224 0.725658 0.122084 0.019737
18 0.729393 0.729605 0.021773 0.030263
17 0.550156 0.075658 0.045879 0.040789
20 0.959565 0.831579 0.031104 0.052632
0 0.110031 0.138158 0.028771 0.057895
16 0.490280 0.075000 0.038103 0.039474
4 0.297045 0.923026 0.083981 0.130263
19 0.393079 0.896711 0.087869 0.146053
0 0.072706 0.138816 0.033437 0.051316
0 0.146967 0.137500 0.040435 0.056579
13 0.255832 0.076974 0.048212 0.040789
14 0.306765 0.076974 0.025661 0.046053
14 0.336314 0.076974 0.025661 0.043421
18 0.753888 0.732895 0.025661 0.028947
