4 0.323095 0.511842 0.100311 0.142105
4 0.675739 0.511842 0.104199 0.147368
12 0.167185 0.071053 0.068429 0.036842
0 0.109642 0.136842 0.034215 0.050000
0 0.072317 0.136842 0.031104 0.050000
0 0.260109 0.138158 0.033437 0.055263
21 0.500389 0.292105 0.493779 0.118421
0 0.409409 0.134868 0.031882 0.051316
0 0.221617 0.137500 0.035770 0.053947
0 0.446345 0.136184 0.032659 0.053947
14 0.322706 0.073026 0.023328 0.035526
14 0.293935 0.073026 0.024883 0.035526
0 0.033437 0.137500 0.037325 0.053947
0 0.333981 0.136842 0.036547 0.050000
13 0.245334 0.071053 0.053655 0.036842
5 0.498056 0.814474 0.150078 0.068421
0 0.371306 0.136842 0.031882 0.050000
0 0.184681 0.136184 0.031882 0.056579
0 0.296267 0.136184 0.034215 0.053947
0 0.146579 0.135526 0.033437 0.055263
14 0.352255 0.073026 0.024883 0.038158
13 0.479782 0.073026 0.048212 0.040789
3 0.269051 0.439474 0.023328 0.039474
17 0.537325 0.073026 0.043546 0.040789
3 0.445568 0.438158 0.023328 0.039474
3 0.622473 0.438158 0.024106 0.039474
0 0.025661 0.079605 0.029549 0.046053
19 0.501944 0.514474 0.100311 0.144737
