8 0.950233 0.930263 0.057543 0.076316
4 0.297434 0.920395 0.084759 0.132895
16 0.487947 0.075000 0.034992 0.042105
4 0.692846 0.917105 0.099533 0.136842
11 0.642691 0.544079 0.034992 0.048684
2 0.783048 0.634868 0.062208 0.067105
4 0.493779 0.875000 0.087092 0.144737
4 0.393079 0.890789 0.089425 0.142105
12 0.182348 0.073684 0.070762 0.036842
13 0.255832 0.075000 0.046656 0.039474
5 0.849922 0.807895 0.108865 0.073684
3 0.446734 0.804605 0.022551 0.038158
1 0.215785 0.598684 0.165630 0.213158
15 0.334759 0.075658 0.024106 0.040789
3 0.644635 0.837500 0.023328 0.046053
3 0.549378 0.813158 0.022551 0.039474
4 0.589813 0.893421 0.075428 0.147368
7 0.043546 0.930263 0.055988 0.086842
15 0.364308 0.075658 0.025661 0.040789
6 0.103421 0.826316 0.069984 0.107895
9 0.246501 0.723684 0.122862 0.021053
3 0.248834 0.867763 0.024883 0.038158
9 0.643857 0.703289 0.104199 0.017105
3 0.342535 0.829605 0.022551 0.038158
2 0.638025 0.656579 0.073872 0.057895
9 0.791213 0.688158 0.103421 0.018421
15 0.305599 0.075658 0.026439 0.038158
18 0.748056 0.715132 0.020218 0.030263
0 0.034603 0.136184 0.031882 0.059211
18 0.602644 0.732895 0.020218 0.028947
31 0.793546 0.528947 0.028771 0.050000
