3 0.171462 0.711842 0.027216 0.042105
19 0.776827 0.164474 0.102644 0.144737
3 0.171462 0.400000 0.027216 0.044737
3 0.720840 0.711184 0.026439 0.043421
3 0.309487 0.399342 0.024883 0.043421
3 0.309098 0.711842 0.025661 0.042105
3 0.583981 0.711184 0.026439 0.043421
3 0.721229 0.398684 0.025661 0.042105
3 0.583204 0.399342 0.026439 0.043421
3 0.308320 0.085526 0.025661 0.039474
3 0.172240 0.087500 0.025661 0.040789
19 0.225894 0.161184 0.108087 0.156579
19 0.363142 0.156579 0.104199 0.152632
19 0.500389 0.163158 0.104977 0.147368
19 0.639969 0.166447 0.104199 0.156579
19 0.227061 0.473684 0.107309 0.150000
19 0.362364 0.475658 0.104199 0.153947
19 0.500000 0.474342 0.101089 0.148684
19 0.640358 0.475658 0.104977 0.151316
19 0.776827 0.471711 0.107309 0.151316
19 0.227838 0.784211 0.102644 0.144737
19 0.365086 0.782895 0.101866 0.144737
19 0.501555 0.785526 0.102644 0.144737
19 0.638414 0.785526 0.096423 0.147368
19 0.776827 0.782895 0.104199 0.147368
3 0.447123 0.711184 0.023328 0.038158
3 0.447900 0.400658 0.023328 0.038158
3 0.585925 0.087500 0.025661 0.035526
3 0.448678 0.088158 0.024883 0.036842
3 0.723173 0.089474 0.024883 0.039474
5 0.070762 0.830921 0.141524 0.072368
