4 0.692068 0.915789 0.093313 0.139474
12 0.180404 0.071711 0.068429 0.035526
8 0.949844 0.929605 0.058320 0.077632
4 0.493779 0.871711 0.085537 0.138158
3 0.447123 0.803947 0.023328 0.039474
0 0.109253 0.137500 0.031882 0.059211
4 0.395023 0.891447 0.093313 0.148684
0 0.185848 0.136842 0.031104 0.047368
13 0.257387 0.071053 0.051322 0.036842
5 0.849922 0.809211 0.110420 0.073684
3 0.550156 0.813158 0.022551 0.042105
6 0.103810 0.826316 0.069207 0.113158
0 0.071928 0.136184 0.030327 0.051316
0 0.258165 0.136842 0.034215 0.055263
9 0.243779 0.722368 0.115863 0.023684
9 0.762442 0.724342 0.103421 0.017105
0 0.293935 0.136842 0.035770 0.047368
3 0.248445 0.868421 0.024106 0.036842
14 0.335148 0.073684 0.024883 0.039474
17 0.550156 0.074342 0.044323 0.040789
7 0.044712 0.928947 0.056765 0.089474
3 0.342146 0.830263 0.023328 0.042105
4 0.298600 0.919737 0.083981 0.134211
0 0.145412 0.137500 0.038880 0.059211
3 0.646190 0.836842 0.023328 0.044737
1 0.218118 0.603289 0.160964 0.201316
11 0.657854 0.519737 0.037325 0.055263
2 0.759720 0.584868 0.093313 0.227632
0 0.222006 0.136184 0.031882 0.048684
18 0.531882 0.742105 0.018663 0.028947
0 0.371695 0.136184 0.032659 0.053947
0 0.332037 0.137500 0.038880 0.048684
18 0.196345 0.751974 0.022551 0.030263
0 0.033826 0.138816 0.034992 0.051316
16 0.491835 0.073684 0.047434 0.042105
18 0.745334 0.751316 0.020995 0.031579
20 0.959953 0.828947 0.033437 0.052632
0 0.407854 0.134868 0.028771 0.051316
4 0.591757 0.890789 0.079316 0.144737
9 0.559098 0.713816 0.073095 0.019737
11 0.557154 0.528289 0.036547 0.051316
18 0.720451 0.751316 0.020995 0.031579
14 0.305599 0.073684 0.023328 0.034211
11 0.764386 0.414474 0.034215 0.055263
9 0.660187 0.706579 0.073095 0.018421
18 0.634137 0.732237 0.017885 0.027632
2 0.554432 0.638816 0.055988 0.088158
2 0.655910 0.634868 0.052100 0.085526
