14 0.336314 0.075658 0.025661 0.040789
12 0.181960 0.073684 0.068429 0.036842
21 0.498056 0.297368 0.492224 0.123684
14 0.306765 0.075658 0.024106 0.040789
0 0.109253 0.137500 0.030327 0.056579
16 0.489502 0.075000 0.039658 0.039474
1 0.213064 0.600000 0.153966 0.207895
13 0.256998 0.074342 0.050544 0.038158
17 0.550544 0.075000 0.046656 0.039474
0 0.071928 0.138816 0.031882 0.053947
0 0.034603 0.140132 0.033437 0.051316
0 0.146190 0.136184 0.034215 0.053947
5 0.681960 0.659868 0.083981 0.117105
5 0.863919 0.712500 0.160187 0.140789
23 0.500389 0.413816 0.235614 0.080263
24 0.498834 0.540132 0.036547 0.048684
23 0.500778 0.502632 0.234837 0.081579
23 0.500389 0.588158 0.235614 0.073684
