4 0.691680 0.916447 0.095645 0.140789
9 0.239114 0.722368 0.143857 0.042105
12 0.181182 0.071711 0.069984 0.035526
8 0.949456 0.930263 0.057543 0.076316
19 0.392302 0.896711 0.089425 0.140789
4 0.589036 0.892763 0.075428 0.143421
0 0.109253 0.137500 0.031882 0.059211
4 0.494168 0.876316 0.090980 0.147368
0 0.444790 0.137500 0.032659 0.051316
3 0.342146 0.830263 0.024883 0.042105
0 0.293935 0.137500 0.035770 0.048684
3 0.446734 0.804605 0.024106 0.040789
0 0.071928 0.136184 0.030327 0.051316
3 0.249222 0.869079 0.024106 0.038158
0 0.185848 0.136842 0.031104 0.047368
0 0.258165 0.136184 0.034215 0.056579
19 0.298989 0.922368 0.084759 0.139474
6 0.103033 0.826316 0.069207 0.110526
3 0.645023 0.836842 0.024106 0.044737
1 0.218896 0.597368 0.162519 0.205263
5 0.850311 0.809211 0.111198 0.073684
0 0.145801 0.137500 0.039658 0.059211
7 0.044712 0.928947 0.056765 0.089474
13 0.257776 0.071053 0.052100 0.036842
0 0.332426 0.136842 0.036547 0.050000
0 0.222006 0.136184 0.031882 0.048684
3 0.550156 0.812500 0.024106 0.043421
9 0.703344 0.722368 0.224728 0.026316
0 0.372084 0.137500 0.033437 0.053947
0 0.034215 0.138816 0.034215 0.048684
0 0.408243 0.136184 0.029549 0.051316
0 0.520607 0.138816 0.036547 0.051316
18 0.195568 0.753947 0.022551 0.028947
0 0.482893 0.137500 0.035770 0.051316
13 0.492224 0.073026 0.046656 0.038158
0 0.559487 0.138158 0.034992 0.052632
14 0.305988 0.076974 0.020995 0.038158
15 0.334759 0.073026 0.025661 0.035526
2 0.696345 0.549342 0.174961 0.298684
30 0.701788 0.319737 0.025661 0.044737
17 0.548989 0.075658 0.040435 0.038158
