12 0.180793 0.073684 0.067652 0.039474
5 0.071540 0.829605 0.143079 0.077632
0 0.332426 0.138158 0.036547 0.050000
0 0.034215 0.139474 0.032659 0.050000
13 0.258942 0.072368 0.052877 0.036842
0 0.295490 0.138816 0.035770 0.051316
14 0.335925 0.075000 0.026439 0.039474
0 0.071151 0.138158 0.031882 0.052632
0 0.259331 0.137500 0.033437 0.056579
0 0.109642 0.137500 0.032659 0.056579
0 0.185459 0.138816 0.030327 0.048684
21 0.497278 0.294079 0.489114 0.119737
1 0.215397 0.598026 0.164852 0.219737
0 0.146190 0.135526 0.037325 0.055263
0 0.221617 0.138158 0.032659 0.050000
16 0.491835 0.073026 0.042768 0.038158
14 0.305988 0.075000 0.022551 0.034211
17 0.550156 0.074342 0.045879 0.040789
0 0.502722 0.378289 0.042768 0.053947
0 0.440902 0.496711 0.041991 0.053947
0 0.568818 0.497368 0.038103 0.065789
