0 0.108865 0.138816 0.029549 0.059211
14 0.335925 0.076316 0.024883 0.042105
14 0.306765 0.075658 0.024106 0.040789
1 0.218118 0.601974 0.168740 0.219737
17 0.550156 0.074342 0.047434 0.043421
16 0.489502 0.075000 0.039658 0.042105
12 0.181960 0.073684 0.068429 0.034211
13 0.257776 0.073684 0.050544 0.036842
0 0.034603 0.140132 0.030327 0.046053
0 0.071151 0.139474 0.030327 0.055263
0 0.146190 0.137500 0.035770 0.056579
5 0.865474 0.713816 0.150855 0.119737
22 0.667185 0.659211 0.116641 0.128947
