19 0.223561 0.745395 0.098756 0.146053
5 0.070373 0.828947 0.140747 0.071053
4 0.636858 0.434211 0.102644 0.144737
14 0.292768 0.071711 0.022551 0.032895
4 0.498445 0.432895 0.102644 0.139474
12 0.166796 0.071053 0.067652 0.031579
0 0.108476 0.133553 0.031882 0.046053
3 0.720062 0.671053 0.026439 0.039474
14 0.321540 0.071053 0.022551 0.034211
0 0.070373 0.133553 0.030327 0.046053
19 0.498834 0.745395 0.098756 0.140789
3 0.721229 0.363158 0.025661 0.044737
4 0.361198 0.433553 0.104977 0.146053
0 0.032659 0.135526 0.035770 0.052632
19 0.634914 0.749342 0.098756 0.146053
3 0.583593 0.671053 0.024106 0.039474
3 0.583204 0.361842 0.026439 0.039474
0 0.407854 0.132895 0.024106 0.057895
0 0.295879 0.136184 0.031882 0.059211
3 0.445179 0.671053 0.024106 0.039474
0 0.145023 0.134211 0.031882 0.052632
3 0.445956 0.359211 0.024106 0.039474
3 0.308320 0.361842 0.024106 0.039474
0 0.370529 0.133553 0.031882 0.059211
14 0.352644 0.071053 0.024106 0.034211
3 0.309098 0.671053 0.025661 0.039474
3 0.169907 0.669737 0.025661 0.039474
13 0.246501 0.071053 0.049767 0.039474
0 0.183126 0.132895 0.031882 0.052632
0 0.220451 0.134211 0.031882 0.057895
0 0.256998 0.132895 0.031882 0.052632
0 0.335537 0.134868 0.030327 0.059211
0 0.445179 0.132895 0.031882 0.052632
19 0.225894 0.436842 0.098756 0.139474
3 0.171851 0.359211 0.026439 0.039474
19 0.776050 0.435526 0.093313 0.134211
4 0.365086 0.750000 0.098756 0.139474
4 0.776050 0.753289 0.101089 0.146053
16 0.480949 0.071711 0.045879 0.038158
17 0.536547 0.071053 0.041991 0.034211
