3 0.341757 0.831579 0.024106 0.039474
7 0.043935 0.930263 0.055210 0.084211
3 0.645023 0.838158 0.024106 0.042105
6 0.103033 0.826316 0.069207 0.107895
5 0.850700 0.808553 0.107309 0.072368
2 0.763997 0.642763 0.081649 0.077632
3 0.549378 0.813158 0.024106 0.039474
3 0.248445 0.869737 0.024106 0.039474
8 0.949844 0.930263 0.059876 0.078947
1 0.216952 0.599342 0.166407 0.214474
3 0.446734 0.803947 0.022551 0.039474
9 0.767107 0.701974 0.098756 0.017105
0 0.033826 0.139474 0.031882 0.047368
12 0.181182 0.074342 0.069984 0.035526
9 0.242224 0.725658 0.122084 0.019737
17 0.550156 0.075000 0.045879 0.039474
20 0.959176 0.830263 0.030327 0.052632
0 0.109642 0.136842 0.027994 0.057895
16 0.489502 0.073684 0.038103 0.039474
0 0.071540 0.138816 0.032659 0.051316
0 0.145801 0.136184 0.039658 0.056579
13 0.255054 0.076316 0.048212 0.039474
14 0.305988 0.076974 0.025661 0.046053
14 0.335537 0.076316 0.025661 0.042105
