12 0.166019 0.068421 0.066096 0.034211
0 0.071928 0.134211 0.033437 0.050000
5 0.849533 0.807895 0.112753 0.071053
3 0.447512 0.798026 0.024106 0.040789
14 0.291991 0.071711 0.022551 0.035526
8 0.949456 0.924342 0.060653 0.080263
2 0.823872 0.630263 0.086314 0.176316
0 0.220062 0.133553 0.032659 0.048684
3 0.166796 0.890789 0.022551 0.039474
3 0.250389 0.850000 0.023328 0.039474
3 0.729393 0.845395 0.024883 0.043421
14 0.321540 0.071711 0.022551 0.035526
0 0.108476 0.133553 0.030327 0.053947
0 0.294712 0.134868 0.031104 0.053947
9 0.235614 0.727632 0.135303 0.021053
3 0.644635 0.819079 0.023328 0.038158
0 0.184681 0.133553 0.033437 0.051316
0 0.144635 0.136184 0.035770 0.053947
13 0.244557 0.069079 0.055210 0.035526
3 0.551711 0.802632 0.025661 0.042105
9 0.672240 0.716447 0.112753 0.019737
2 0.669518 0.578947 0.079316 0.247368
7 0.041602 0.925658 0.055210 0.082895
9 0.546267 0.723684 0.103421 0.021053
6 0.103421 0.812500 0.068429 0.111842
0 0.033048 0.134211 0.036547 0.052632
0 0.257387 0.134868 0.034215 0.051316
16 0.478227 0.072368 0.046656 0.042105
3 0.342535 0.818421 0.024106 0.039474
14 0.350700 0.073026 0.024883 0.038158
2 0.240280 0.613816 0.108865 0.182895
2 0.530327 0.615132 0.130638 0.182895
9 0.814541 0.737500 0.095645 0.019737
