1 0.214619 0.598684 0.161742 0.202632
12 0.179238 0.066447 0.069207 0.032895
35 0.537714 0.601974 0.162519 0.127632
2 0.738725 0.582237 0.138414 0.235526
13 0.256610 0.066447 0.055988 0.035526
0 0.068818 0.132895 0.031882 0.052632
0 0.218507 0.132237 0.032659 0.051316
6 0.102255 0.825658 0.067652 0.109211
16 0.488725 0.070395 0.047434 0.040789
8 0.947123 0.918421 0.057543 0.084211
5 0.848367 0.805263 0.108865 0.071053
3 0.444401 0.801316 0.022551 0.039474
0 0.257776 0.133553 0.030327 0.051316
0 0.180404 0.131579 0.034215 0.050000
0 0.106532 0.132895 0.032659 0.052632
7 0.040435 0.926316 0.057543 0.084211
0 0.143468 0.132895 0.031882 0.052632
3 0.547823 0.807895 0.022551 0.039474
3 0.339036 0.825658 0.021773 0.038158
9 0.246501 0.719079 0.122862 0.022368
3 0.642691 0.833553 0.024106 0.040789
3 0.246890 0.865132 0.022551 0.038158
14 0.302877 0.071711 0.024106 0.038158
14 0.333204 0.071711 0.022551 0.038158
0 0.030715 0.134211 0.031882 0.050000
14 0.361586 0.071053 0.026439 0.039474
9 0.732504 0.725000 0.167963 0.015789
