15 0.321540 0.075000 0.024106 0.039474
15 0.350700 0.075658 0.026439 0.040789
3 0.508165 0.790132 0.025661 0.038158
12 0.166796 0.071053 0.066096 0.034211
0 0.073095 0.136842 0.034215 0.052632
15 0.292768 0.074342 0.025661 0.038158
8 0.948678 0.928289 0.057543 0.075000
2 0.744168 0.544737 0.133748 0.271053
0 0.185459 0.136184 0.033437 0.053947
0 0.146967 0.137500 0.034215 0.053947
9 0.233281 0.727632 0.152411 0.036842
7 0.043157 0.926316 0.056765 0.084211
20 0.959176 0.829605 0.030327 0.048684
5 0.851477 0.807895 0.110420 0.078947
13 0.237558 0.071711 0.038103 0.038158
0 0.033048 0.136184 0.036547 0.053947
0 0.108865 0.136184 0.031104 0.056579
16 0.475505 0.074342 0.039658 0.043421
6 0.103421 0.814474 0.071540 0.110526
3 0.390747 0.798684 0.024106 0.036842
1 0.242224 0.609211 0.115863 0.194737
9 0.750389 0.717763 0.180404 0.014474
