12 0.166019 0.071053 0.066096 0.034211
15 0.351089 0.075658 0.025661 0.038158
13 0.244557 0.070395 0.052100 0.035526
0 0.072317 0.136842 0.034215 0.052632
15 0.321540 0.074342 0.024106 0.035526
8 0.947900 0.926974 0.057543 0.077632
9 0.238725 0.728289 0.132193 0.022368
14 0.291991 0.073026 0.024106 0.038158
16 0.476283 0.073684 0.038103 0.039474
3 0.445179 0.801974 0.024106 0.038158
5 0.848756 0.805921 0.111198 0.072368
0 0.032659 0.136842 0.035770 0.052632
0 0.108476 0.134868 0.030327 0.056579
2 0.755443 0.588816 0.142302 0.203947
7 0.041602 0.927632 0.055210 0.081579
3 0.645801 0.833553 0.025661 0.046053
3 0.340980 0.826316 0.022551 0.039474
3 0.549378 0.807895 0.024106 0.039474
3 0.248445 0.864474 0.024106 0.039474
6 0.103421 0.813816 0.071540 0.109211
9 0.750389 0.711184 0.138414 0.019737
1 0.238725 0.607895 0.111975 0.197368
