12 0.180793 0.073026 0.067652 0.035526
4 0.493390 0.876316 0.086314 0.144737
3 0.342146 0.830263 0.023328 0.042105
4 0.591369 0.894737 0.081649 0.147368
8 0.949844 0.928289 0.056765 0.085526
18 0.196734 0.753289 0.024883 0.032895
19 0.692068 0.923026 0.101089 0.132895
5 0.850700 0.807895 0.108865 0.071053
7 0.044712 0.932237 0.055210 0.088158
0 0.034603 0.140132 0.033437 0.048684
0 0.259331 0.135526 0.033437 0.052632
3 0.447123 0.804605 0.024883 0.040789
0 0.295101 0.137500 0.034992 0.046053
14 0.335537 0.075658 0.025661 0.040789
13 0.258942 0.072368 0.052877 0.036842
0 0.145801 0.137500 0.038103 0.056579
3 0.646190 0.839474 0.026439 0.044737
4 0.298212 0.918421 0.083204 0.136842
0 0.221617 0.138158 0.032659 0.047368
0 0.071928 0.136184 0.030327 0.051316
20 0.959953 0.830263 0.033437 0.052632
0 0.185459 0.137500 0.028771 0.046053
3 0.550544 0.813158 0.024883 0.044737
0 0.109253 0.137500 0.030327 0.056579
0 0.332815 0.138158 0.035770 0.047368
6 0.103810 0.827632 0.067652 0.113158
3 0.249222 0.869079 0.024106 0.038158
4 0.393468 0.893421 0.090202 0.144737
2 0.737558 0.585526 0.125194 0.194737
0 0.371695 0.138158 0.032659 0.057895
1 0.217729 0.604605 0.161742 0.201316
17 0.550544 0.074342 0.045101 0.040789
18 0.663686 0.732895 0.020995 0.031579
14 0.305210 0.075000 0.022551 0.034211
16 0.491446 0.074342 0.045101 0.040789
9 0.248445 0.724342 0.114308 0.019737
9 0.739891 0.705921 0.206065 0.032895
18 0.688569 0.734868 0.019440 0.027632
18 0.712286 0.737500 0.024883 0.030263
11 0.745723 0.438158 0.032659 0.057895
