6 0.202177 0.944079 0.079316 0.096053
8 0.203344 0.902632 0.059876 0.039474
5 0.228227 0.714474 0.038103 0.026316
4 0.246501 0.578289 0.169518 0.235526
6 0.281882 0.921711 0.076983 0.125000
6 0.364308 0.901316 0.073872 0.121053
6 0.446345 0.882237 0.079316 0.125000
3 0.511275 0.614474 0.118974 0.192105
6 0.529549 0.881579 0.073095 0.115789
6 0.606532 0.900000 0.069984 0.128947
8 0.620529 0.826974 0.049767 0.025000
6 0.687014 0.921053 0.081649 0.128947
8 0.701011 0.851974 0.061431 0.038158
6 0.782659 0.946053 0.098756 0.102632
5 0.782659 0.713816 0.047434 0.027632
4 0.763997 0.577632 0.252722 0.221053
5 0.488725 0.730921 0.038103 0.022368
7 0.122862 0.711842 0.021773 0.039474
7 0.417963 0.727632 0.022551 0.044737
7 0.677294 0.711842 0.020218 0.034211
8 0.364308 0.827632 0.061431 0.031579
8 0.452955 0.815132 0.061431 0.025000
9 0.160575 0.912500 0.020995 0.035526
9 0.239114 0.862500 0.024106 0.030263
9 0.322706 0.830263 0.020218 0.028947
9 0.405910 0.805921 0.021773 0.032895
9 0.495334 0.797368 0.020218 0.028947
9 0.580871 0.809868 0.026439 0.035526
9 0.660187 0.826974 0.020218 0.040789
9 0.747278 0.866447 0.020218 0.035526
