3 0.238725 0.613816 0.116641 0.190789
5 0.238725 0.730921 0.034215 0.022368
4 0.527605 0.613816 0.126750 0.127632
4 0.681571 0.599342 0.128305 0.117105
4 0.849145 0.624342 0.124417 0.127632
5 0.519440 0.700000 0.032659 0.021053
5 0.674572 0.683553 0.038103 0.022368
5 0.840591 0.713816 0.034215 0.022368
6 0.213453 0.945395 0.081649 0.096053
6 0.297823 0.926316 0.085537 0.126316
6 0.395412 0.895395 0.089425 0.122368
8 0.498445 0.814474 0.062208 0.026316
6 0.496112 0.888158 0.093313 0.131579
8 0.601477 0.825000 0.067652 0.034211
6 0.593313 0.896053 0.080871 0.134211
8 0.692846 0.846711 0.049767 0.035526
6 0.675739 0.917105 0.073095 0.139474
6 0.770995 0.937500 0.104977 0.125000
9 0.250000 0.849342 0.024106 0.040789
9 0.344868 0.823026 0.022551 0.040789
9 0.449844 0.800000 0.025661 0.044737
9 0.550933 0.806579 0.022551 0.034211
9 0.645412 0.826974 0.023328 0.040789
9 0.731337 0.848026 0.022551 0.035526
