9 0.117342 0.927679 0.018692 0.033929
6 0.150831 0.954464 0.068017 0.071429
9 0.177051 0.890179 0.021807 0.033929
6 0.216511 0.937054 0.068536 0.102679
3 0.239097 0.606696 0.122015 0.195536
6 0.290239 0.915179 0.075805 0.107143
9 0.328401 0.824554 0.019211 0.027679
6 0.368640 0.891518 0.073728 0.108036
9 0.408879 0.807589 0.019211 0.033036
6 0.452492 0.877679 0.083593 0.114286
9 0.500779 0.805804 0.017134 0.031250
6 0.536345 0.880804 0.072690 0.115179
4 0.575026 0.536161 0.056594 0.277679
6 0.613967 0.883929 0.075286 0.121429
6 0.684839 0.904018 0.066459 0.118750
4 0.700156 0.546429 0.058671 0.271429
6 0.750519 0.924554 0.058671 0.118750
4 0.818536 0.530804 0.060748 0.277679
6 0.826584 0.943304 0.093458 0.106250
9 0.665369 0.823661 0.019211 0.027679
9 0.737539 0.845536 0.017134 0.033929
9 0.798287 0.874554 0.017134 0.027679
9 0.584372 0.807143 0.021288 0.037500
5 0.238837 0.727679 0.036345 0.021429
5 0.704829 0.704018 0.036864 0.018750
5 0.577362 0.690625 0.036345 0.020536
5 0.822170 0.685714 0.036864 0.021429
