12 0.180016 0.074342 0.066096 0.038158
0 0.909409 0.142763 0.034992 0.051316
0 0.351089 0.138816 0.033437 0.051316
0 0.388802 0.140132 0.034215 0.059211
6 0.103033 0.825658 0.070762 0.111842
0 0.239502 0.139474 0.032659 0.050000
3 0.445568 0.805263 0.024883 0.042105
19 0.690124 0.921053 0.097201 0.134211
0 0.127916 0.138816 0.030327 0.056579
5 0.847978 0.809211 0.111198 0.073684
0 0.164852 0.138158 0.037325 0.057895
19 0.295101 0.921053 0.086314 0.128947
3 0.548600 0.811842 0.024106 0.042105
19 0.493779 0.875658 0.090202 0.143421
8 0.945956 0.929605 0.058320 0.077632
0 0.276439 0.138816 0.033437 0.056579
18 0.220840 0.753947 0.021773 0.031579
0 0.090202 0.139474 0.031104 0.052632
0 0.313764 0.140132 0.034992 0.051316
0 0.947512 0.142105 0.033437 0.047368
0 0.202955 0.140132 0.029549 0.051316
18 0.243779 0.754605 0.024106 0.030263
0 0.722395 0.142105 0.034215 0.065789
3 0.643857 0.837500 0.027994 0.046053
0 0.424961 0.137500 0.030327 0.053947
3 0.247667 0.867105 0.025661 0.039474
0 0.835537 0.136842 0.028771 0.050000
13 0.255054 0.073684 0.048212 0.039474
0 0.053266 0.140789 0.031882 0.050000
7 0.044323 0.929605 0.057543 0.088158
1 0.218118 0.594737 0.165630 0.210526
0 0.871306 0.138158 0.034992 0.044737
9 0.241058 0.725000 0.146190 0.028947
3 0.340980 0.830921 0.025661 0.043421
19 0.392691 0.893421 0.088647 0.142105
0 0.461897 0.139474 0.032659 0.052632
20 0.956843 0.829605 0.030327 0.048684
19 0.589425 0.891447 0.074650 0.148684
14 0.612364 0.137500 0.033437 0.056579
13 0.491058 0.073684 0.045879 0.042105
0 0.538103 0.142763 0.040435 0.053947
0 0.499611 0.138816 0.031882 0.053947
0 0.573484 0.142105 0.028771 0.052632
0 0.646967 0.138158 0.034215 0.057895
0 0.683904 0.138158 0.034992 0.057895
0 0.759720 0.139474 0.029549 0.060526
0 0.795879 0.139474 0.031882 0.060526
5 0.976672 0.137500 0.017107 0.035526
31 0.737170 0.315789 0.029549 0.044737
2 0.724728 0.378947 0.242613 0.357895
9 0.735614 0.711842 0.253499 0.021053
18 0.195568 0.755263 0.017885 0.036842
18 0.271773 0.754605 0.020995 0.030263
18 0.297823 0.750000 0.021773 0.036842
18 0.321151 0.751974 0.021773 0.030263
18 0.345645 0.750658 0.022551 0.038158
18 0.370529 0.750658 0.022551 0.038158
18 0.617030 0.738816 0.017885 0.032895
18 0.642302 0.739474 0.020218 0.031579
18 0.668740 0.740132 0.024883 0.035526
18 0.693235 0.736184 0.019440 0.027632
17 0.548212 0.076974 0.046656 0.032895
15 0.306376 0.077632 0.023328 0.036842
15 0.332815 0.077632 0.021773 0.034211
