3 0.218507 0.599342 0.161742 0.214474
7 0.183515 0.725000 0.021773 0.034211
5 0.246501 0.726316 0.034215 0.021053
4 0.575428 0.542105 0.057543 0.271053
5 0.575816 0.690789 0.038103 0.021053
4 0.701400 0.551316 0.057543 0.271053
4 0.817652 0.538816 0.059876 0.259211
8 0.300544 0.863816 0.045879 0.027632
8 0.498834 0.815132 0.038103 0.025000
8 0.601866 0.833553 0.043546 0.027632
8 0.695568 0.863816 0.031882 0.027632
6 0.293546 0.927632 0.098756 0.131579
6 0.392302 0.906579 0.090980 0.121053
6 0.489891 0.889474 0.094868 0.134211
6 0.587869 0.904605 0.087092 0.127632
6 0.688958 0.928289 0.102644 0.138158
9 0.249611 0.867763 0.018663 0.035526
9 0.448289 0.803947 0.016330 0.034211
9 0.553266 0.815132 0.016330 0.038158
9 0.646579 0.839474 0.016330 0.031579
5 0.703344 0.706579 0.038103 0.021053
5 0.819596 0.688816 0.032659 0.025000
