6 0.151090 0.954911 0.066459 0.077679
8 0.216511 0.879464 0.043614 0.032143
6 0.219886 0.939286 0.071132 0.114286
3 0.220405 0.598214 0.167705 0.210714
5 0.247144 0.720089 0.034268 0.022321
6 0.292835 0.908929 0.072690 0.112500
6 0.367861 0.890179 0.073209 0.114286
6 0.453011 0.878571 0.081516 0.114286
6 0.535826 0.877679 0.069574 0.114286
6 0.617082 0.887054 0.078401 0.120536
8 0.625649 0.825446 0.059190 0.027679
6 0.691589 0.908482 0.063344 0.115179
4 0.695223 0.537500 0.183801 0.308929
5 0.700675 0.717411 0.048287 0.027679
6 0.754413 0.933929 0.061267 0.107143
6 0.829180 0.949107 0.090343 0.098214
8 0.452233 0.818750 0.042575 0.021429
8 0.769470 0.871429 0.037383 0.039286
9 0.118640 0.933929 0.018172 0.033929
9 0.176532 0.889732 0.015576 0.029464
9 0.247144 0.859375 0.018692 0.031250
9 0.327622 0.827679 0.019730 0.037500
9 0.408100 0.812946 0.019730 0.033036
9 0.501817 0.804911 0.021288 0.034821
9 0.583853 0.808482 0.019211 0.027679
9 0.666667 0.825000 0.015576 0.035714
9 0.737279 0.846875 0.017653 0.036607
9 0.799844 0.873214 0.018172 0.035714
