3 0.216771 0.595982 0.162513 0.209821
5 0.248183 0.721429 0.036345 0.023214
6 0.296989 0.930804 0.090343 0.131250
6 0.393043 0.902679 0.091381 0.135714
6 0.494548 0.886607 0.092939 0.133929
6 0.591641 0.901786 0.085670 0.139286
6 0.692887 0.928125 0.105400 0.140179
5 0.748183 0.705804 0.038422 0.022321
4 0.740395 0.613839 0.065421 0.156250
9 0.249740 0.872321 0.020768 0.039286
9 0.343198 0.830804 0.017653 0.033036
9 0.447819 0.804911 0.019211 0.036607
9 0.551402 0.814286 0.020768 0.037500
9 0.645379 0.837054 0.021807 0.043750
