3 0.220405 0.594196 0.169782 0.216964
5 0.247144 0.720982 0.034268 0.022321
6 0.292835 0.924107 0.097612 0.141071
6 0.394860 0.902232 0.092939 0.141964
6 0.494808 0.886607 0.093458 0.135714
6 0.592420 0.903571 0.089304 0.135714
4 0.669782 0.569196 0.084112 0.252679
5 0.673676 0.713839 0.033749 0.022321
6 0.691848 0.927232 0.101246 0.140179
5 0.548027 0.720089 0.035826 0.022321
4 0.528557 0.610714 0.137072 0.183929
8 0.395119 0.835268 0.084112 0.020536
8 0.600987 0.833482 0.063863 0.025893
9 0.250779 0.871429 0.022845 0.033929
9 0.342160 0.828571 0.017653 0.035714
9 0.447560 0.803571 0.017653 0.037500
9 0.552181 0.816518 0.019211 0.034821
9 0.647456 0.840625 0.018692 0.036607
