4 0.298212 0.920395 0.084759 0.132895
1 0.218118 0.600000 0.165630 0.207895
11 0.765941 0.542105 0.040435 0.057895
14 0.335925 0.075658 0.026439 0.043421
4 0.496890 0.875658 0.093313 0.148684
4 0.393857 0.892105 0.089425 0.144737
14 0.306765 0.075658 0.025661 0.043421
12 0.181960 0.074342 0.069984 0.038158
7 0.043546 0.930921 0.057543 0.082895
9 0.631415 0.701974 0.080871 0.019737
0 0.109642 0.137500 0.031104 0.056579
4 0.693624 0.917763 0.099533 0.138158
3 0.646190 0.839474 0.023328 0.042105
5 0.850311 0.807895 0.108087 0.073684
4 0.589813 0.896711 0.083204 0.140789
8 0.950622 0.926316 0.058320 0.086842
17 0.550933 0.075000 0.044323 0.039474
3 0.446734 0.804605 0.024106 0.040789
13 0.255443 0.075658 0.048989 0.040789
3 0.249611 0.868421 0.024883 0.039474
9 0.767496 0.702632 0.102644 0.018421
6 0.103810 0.825658 0.069207 0.106579
2 0.765941 0.642105 0.079316 0.076316
0 0.071928 0.137500 0.031882 0.051316
0 0.146190 0.136842 0.035770 0.055263
3 0.342535 0.830263 0.022551 0.036842
16 0.489891 0.075658 0.038880 0.040789
0 0.034603 0.138816 0.031882 0.048684
9 0.244946 0.723684 0.124417 0.018421
18 0.196345 0.752632 0.024106 0.031579
11 0.625972 0.576974 0.040435 0.048684
2 0.628694 0.646711 0.044323 0.056579
