12 0.167574 0.067105 0.069207 0.034211
0 0.331260 0.134211 0.035770 0.052632
13 0.241058 0.069079 0.049767 0.038158
0 0.182348 0.132895 0.031882 0.052632
0 0.370529 0.133553 0.031882 0.051316
0 0.407854 0.134211 0.031882 0.052632
0 0.293935 0.134211 0.034215 0.052632
14 0.291991 0.069737 0.024106 0.034211
3 0.407076 0.808553 0.022551 0.038158
0 0.593313 0.134211 0.034215 0.050000
3 0.797823 0.871053 0.020218 0.034211
0 0.257387 0.134211 0.034215 0.052632
0 0.444401 0.134211 0.031882 0.052632
0 0.519440 0.134868 0.035770 0.051316
0 0.069596 0.134211 0.030327 0.050000
2 0.251166 0.571053 0.167963 0.231579
0 0.108865 0.134211 0.035770 0.050000
3 0.581649 0.802632 0.021773 0.034211
3 0.325428 0.822368 0.024106 0.039474
0 0.217729 0.134211 0.035770 0.052632
7 0.041991 0.926974 0.055988 0.088158
14 0.351089 0.071711 0.025661 0.038158
0 0.480560 0.132895 0.029549 0.052632
8 0.949456 0.923684 0.057543 0.084211
0 0.630249 0.133553 0.031882 0.051316
0 0.031882 0.134211 0.035770 0.052632
0 0.555599 0.134211 0.031882 0.050000
0 0.144246 0.132895 0.031882 0.052632
0 0.671851 0.134211 0.035770 0.052632
6 0.102644 0.811184 0.073095 0.109211
3 0.662519 0.821053 0.020218 0.034211
3 0.498834 0.801974 0.022551 0.032895
5 0.849145 0.809211 0.115086 0.071053
17 0.535770 0.070395 0.041991 0.038158
3 0.246501 0.852632 0.018663 0.034211
3 0.735226 0.839474 0.022551 0.039474
3 0.113530 0.925000 0.020218 0.034211
15 0.321540 0.069737 0.022551 0.034211
3 0.177683 0.889474 0.025661 0.039474
16 0.479005 0.071053 0.043546 0.039474
2 0.754666 0.570395 0.248056 0.246053
9 0.229393 0.714474 0.205288 0.015789
9 0.489502 0.732237 0.128305 0.019737
9 0.783826 0.714474 0.203733 0.015789
1 0.489114 0.610526 0.121306 0.194737
