0 0.031412 0.118304 0.036864 0.054464
0 0.070093 0.119196 0.031153 0.052679
5 0.071391 0.827232 0.136552 0.077679
0 0.106957 0.120089 0.034268 0.050893
12 0.163551 0.053571 0.066459 0.042857
13 0.242212 0.054911 0.054517 0.041964
14 0.288941 0.057143 0.023364 0.041071
14 0.318017 0.058036 0.024403 0.044643
41 0.347092 0.648214 0.042056 0.071429
41 0.347612 0.801339 0.044133 0.074107
14 0.348650 0.058036 0.028557 0.048214
16 0.474299 0.056696 0.041018 0.047321
40 0.438474 0.499554 0.026480 0.059821
