0 0.072317 0.136842 0.034215 0.052632
2 0.666407 0.645395 0.041991 0.051316
13 0.241446 0.071711 0.045879 0.038158
12 0.166796 0.070395 0.067652 0.035526
15 0.349533 0.075000 0.025661 0.039474
3 0.447512 0.795395 0.022551 0.035526
0 0.220840 0.134211 0.032659 0.052632
0 0.184681 0.134211 0.031882 0.052632
0 0.146190 0.136842 0.032659 0.052632
2 0.582037 0.659211 0.045879 0.044737
8 0.950622 0.924342 0.059876 0.077632
2 0.500778 0.646053 0.048212 0.050000
0 0.258165 0.137500 0.035770 0.059211
2 0.754277 0.682895 0.040435 0.050000
3 0.248445 0.848684 0.022551 0.039474
9 0.235614 0.727632 0.130638 0.021053
7 0.041213 0.926316 0.055988 0.078947
0 0.108476 0.134868 0.030327 0.056579
16 0.478616 0.072368 0.044323 0.042105
3 0.645023 0.815789 0.024106 0.042105
0 0.032659 0.134868 0.035770 0.053947
2 0.853033 0.653947 0.049767 0.039474
5 0.850311 0.806579 0.111198 0.071053
14 0.321540 0.073026 0.022551 0.038158
3 0.166019 0.889474 0.022551 0.039474
3 0.727449 0.845395 0.024106 0.040789
3 0.342535 0.816447 0.022551 0.038158
9 0.851866 0.701974 0.075428 0.017105
6 0.102255 0.812500 0.067652 0.109211
3 0.548600 0.801316 0.024106 0.039474
9 0.666019 0.700658 0.075428 0.017105
9 0.500778 0.700658 0.079316 0.019737
9 0.751944 0.740132 0.073095 0.019737
14 0.290824 0.075000 0.026439 0.039474
9 0.581649 0.713816 0.073095 0.014474
1 0.238336 0.615789 0.120529 0.186842
