34 0.215397 0.323026 0.118196 0.277632
27 0.518663 0.875000 0.048212 0.031579
34 0.361586 0.323026 0.116641 0.277632
34 0.214230 0.695395 0.115863 0.272368
34 0.361198 0.693421 0.117418 0.273684
27 0.677683 0.701974 0.050544 0.032895
0 0.069984 0.136184 0.032659 0.056579
34 0.655132 0.323684 0.114308 0.273684
34 0.800544 0.325000 0.114308 0.271053
5 0.071928 0.825658 0.143856 0.072368
12 0.179238 0.070395 0.066096 0.032895
28 0.808709 0.690132 0.116641 0.267105
14 0.674961 0.819079 0.026439 0.046053
27 0.803266 0.488816 0.045101 0.030263
27 0.521773 0.701974 0.049767 0.030263
16 0.491835 0.072368 0.047434 0.042105
27 0.656299 0.487500 0.041991 0.030263
27 0.599533 0.702632 0.049767 0.031579
0 0.145023 0.132895 0.030327 0.052632
3 0.749222 0.199342 0.025661 0.040789
0 0.108087 0.135526 0.031104 0.052632
3 0.308320 0.196053 0.025661 0.042105
14 0.596034 0.818421 0.028771 0.047368
27 0.216563 0.488816 0.045879 0.030263
27 0.596423 0.874342 0.046656 0.032895
3 0.162131 0.198684 0.025661 0.039474
0 0.220062 0.134211 0.032659 0.052632
0 0.597201 0.646053 0.031104 0.050000
27 0.674572 0.875658 0.045879 0.032895
27 0.363530 0.488158 0.044323 0.031579
0 0.181571 0.132895 0.031882 0.050000
13 0.258165 0.070395 0.051322 0.035526
27 0.217341 0.857237 0.047434 0.030263
0 0.032659 0.136842 0.031104 0.050000
14 0.518274 0.817105 0.028771 0.047368
3 0.602644 0.200658 0.024883 0.040789
3 0.307154 0.565789 0.023328 0.036842
27 0.367807 0.856579 0.051322 0.031579
0 0.519829 0.644079 0.031882 0.053947
3 0.161353 0.567763 0.024106 0.038158
14 0.333981 0.071711 0.022551 0.035526
15 0.304432 0.072368 0.022551 0.034211
14 0.362753 0.073026 0.025661 0.040789
0 0.675739 0.642763 0.029549 0.051316
