12 0.166019 0.067105 0.069207 0.034211
0 0.183904 0.132895 0.031882 0.052632
14 0.319207 0.068421 0.022551 0.034211
0 0.331260 0.130921 0.035770 0.046053
0 0.407854 0.132895 0.031882 0.052632
0 0.368974 0.133553 0.031882 0.051316
14 0.291991 0.067105 0.022551 0.034211
13 0.243002 0.069079 0.053655 0.038158
0 0.216952 0.134211 0.034215 0.052632
0 0.108865 0.133553 0.035770 0.051316
0 0.069596 0.134211 0.030327 0.050000
14 0.351089 0.068421 0.024106 0.034211
0 0.144246 0.132895 0.031882 0.052632
0 0.256998 0.134211 0.031882 0.052632
0 0.477838 0.132895 0.030327 0.052632
0 0.031882 0.132895 0.035770 0.052632
0 0.518274 0.135526 0.038103 0.052632
0 0.592924 0.134211 0.031882 0.050000
17 0.535770 0.065789 0.041991 0.039474
0 0.293935 0.134211 0.034215 0.052632
0 0.443624 0.134211 0.031882 0.052632
0 0.557932 0.133553 0.030327 0.051316
0 0.632582 0.133553 0.031882 0.051316
16 0.480949 0.071053 0.039658 0.031579
38 0.415630 0.363158 0.104977 0.110526
38 0.572317 0.365789 0.102644 0.115789
38 0.493779 0.602632 0.104199 0.113158
