0 0.031931 0.125446 0.034787 0.052679
0 0.071391 0.121429 0.034787 0.057143
0 0.108775 0.121875 0.032710 0.054464
0 0.142783 0.122768 0.032191 0.054464
0 0.181724 0.121429 0.034268 0.053571
0 0.218328 0.121429 0.033749 0.051786
0 0.255971 0.120089 0.034268 0.052679
0 0.293354 0.119196 0.034268 0.058036
14 0.301661 0.054911 0.021807 0.038393
14 0.329958 0.054911 0.022326 0.040179
0 0.332555 0.121875 0.036864 0.052679
14 0.361890 0.054911 0.025961 0.040179
0 0.368380 0.120089 0.027518 0.052679
0 0.404984 0.120089 0.032191 0.054464
0 0.441848 0.118750 0.032191 0.053571
0 0.479751 0.118304 0.029076 0.052679
16 0.490654 0.051339 0.044652 0.038393
0 0.518172 0.117857 0.030114 0.057143
0 0.554517 0.118304 0.029076 0.050893
0 0.593718 0.116518 0.031672 0.054464
0 0.630841 0.118304 0.029076 0.050893
35 0.863188 0.203125 0.161475 0.077679
13 0.256231 0.058929 0.049325 0.033929
12 0.179907 0.057589 0.061786 0.036607
39 0.333074 0.327679 0.080478 0.189286
39 0.443406 0.328125 0.077882 0.186607
39 0.551402 0.327232 0.076843 0.190179
39 0.660177 0.326786 0.078401 0.182143
39 0.333593 0.532143 0.078401 0.183929
39 0.442368 0.534375 0.079958 0.188393
39 0.551661 0.532589 0.076324 0.186607
39 0.660955 0.531696 0.078920 0.190179
39 0.333853 0.737054 0.077882 0.188393
39 0.442887 0.739286 0.077882 0.185714
39 0.552181 0.740179 0.078401 0.183929
39 0.660436 0.737500 0.077882 0.183929
