6 0.101089 0.804605 0.071540 0.109211
12 0.162908 0.064474 0.067652 0.034211
0 0.553655 0.133553 0.035770 0.056579
0 0.181571 0.133553 0.031882 0.051316
0 0.329316 0.132895 0.031882 0.052632
0 0.030327 0.132237 0.034215 0.051316
0 0.291991 0.132895 0.030327 0.052632
34 0.500778 0.873684 0.102644 0.234211
0 0.443624 0.134211 0.031882 0.050000
0 0.144635 0.133553 0.034215 0.051316
0 0.516719 0.132895 0.030327 0.052632
0 0.071151 0.132895 0.031882 0.050000
2 0.756610 0.560526 0.244168 0.239474
0 0.217341 0.128289 0.031882 0.046053
0 0.253499 0.132895 0.034215 0.052632
0 0.368585 0.132895 0.035770 0.050000
0 0.403966 0.132895 0.031882 0.050000
13 0.238725 0.065132 0.049767 0.038158
3 0.325428 0.821711 0.022551 0.038158
0 0.106921 0.132895 0.030327 0.052632
0 0.477061 0.129605 0.030327 0.046053
20 0.957621 0.826316 0.030327 0.050000
3 0.246501 0.846053 0.021773 0.039474
14 0.289658 0.064474 0.024106 0.039474
14 0.349145 0.070395 0.021773 0.038158
5 0.847201 0.807895 0.118974 0.071053
3 0.406299 0.803947 0.022551 0.034211
3 0.177683 0.883553 0.022551 0.038158
3 0.793935 0.864474 0.020218 0.034211
14 0.317652 0.065789 0.022551 0.034211
3 0.115086 0.922368 0.020218 0.034211
14 0.373639 0.065789 0.022551 0.034211
16 0.477061 0.064474 0.045879 0.034211
14 0.407854 0.069079 0.025661 0.038158
3 0.732893 0.840132 0.022551 0.038158
3 0.581260 0.802632 0.016330 0.031579
2 0.257387 0.563816 0.174184 0.251316
1 0.514386 0.609211 0.112753 0.189474
3 0.453344 0.771053 0.020218 0.039474
8 0.949067 0.932895 0.055210 0.071053
7 0.041991 0.923684 0.059098 0.084211
9 0.776050 0.715132 0.217729 0.035526
9 0.479393 0.727632 0.146967 0.034211
9 0.223561 0.712500 0.221617 0.038158
