0 0.031931 0.119643 0.036864 0.055357
0 0.069574 0.119643 0.034268 0.050000
5 0.069834 0.827232 0.139668 0.074107
0 0.107996 0.118750 0.033229 0.050000
0 0.146417 0.119643 0.032191 0.051786
12 0.163551 0.053571 0.063344 0.039286
0 0.181205 0.118304 0.033229 0.056250
0 0.219107 0.120536 0.030114 0.053571
13 0.240914 0.054464 0.052960 0.042857
14 0.290758 0.057589 0.025961 0.043750
14 0.320093 0.058482 0.025441 0.043750
14 0.350727 0.057589 0.025441 0.043750
16 0.477934 0.057143 0.046210 0.048214
40 0.563603 0.642411 0.025441 0.043750
41 0.503894 0.751339 0.041018 0.070536
41 0.562046 0.879464 0.039979 0.073214
