0 0.033229 0.123661 0.032191 0.047321
0 0.069834 0.120982 0.028557 0.049107
0 0.107477 0.120982 0.037383 0.052679
0 0.145379 0.119643 0.031153 0.053571
12 0.176012 0.051786 0.065421 0.037500
0 0.182243 0.120536 0.037383 0.055357
0 0.219886 0.118750 0.030633 0.055357
1 0.233126 0.599554 0.131880 0.211607
13 0.255971 0.052232 0.052960 0.040179
0 0.256231 0.120982 0.031672 0.054464
0 0.292056 0.119643 0.032710 0.051786
14 0.302181 0.054018 0.024922 0.040179
0 0.330478 0.120089 0.033749 0.047321
14 0.332295 0.053571 0.022845 0.039286
14 0.362928 0.053571 0.024922 0.041071
0 0.370717 0.120089 0.033229 0.049107
0 0.406282 0.117857 0.034787 0.055357
16 0.490395 0.054464 0.045171 0.046429
5 0.865265 0.707143 0.156282 0.119643
29 0.647196 0.664286 0.216511 0.233929
