12 0.165241 0.067105 0.067652 0.034211
2 0.250389 0.567105 0.155521 0.234211
0 0.555599 0.133553 0.036547 0.056579
0 0.183126 0.133553 0.031882 0.051316
6 0.102255 0.809868 0.073872 0.114474
34 0.499611 0.877632 0.103421 0.239474
0 0.330871 0.132895 0.031882 0.052632
0 0.031104 0.132895 0.034215 0.052632
0 0.516719 0.132895 0.030327 0.052632
0 0.443624 0.134211 0.031882 0.050000
0 0.144635 0.134211 0.034215 0.052632
0 0.218507 0.132895 0.032659 0.047368
0 0.293546 0.132895 0.030327 0.052632
0 0.071151 0.133553 0.031882 0.051316
8 0.947123 0.920395 0.055988 0.077632
0 0.368585 0.133553 0.035770 0.051316
0 0.256610 0.132895 0.035770 0.052632
2 0.758165 0.569079 0.244168 0.238158
3 0.359253 0.813816 0.021773 0.035526
0 0.479393 0.132895 0.030327 0.047368
3 0.708787 0.839474 0.022551 0.039474
0 0.405521 0.132895 0.031882 0.050000
0 0.107698 0.132895 0.030327 0.052632
14 0.349145 0.070395 0.021773 0.038158
13 0.240280 0.065132 0.049767 0.038158
7 0.041213 0.925000 0.055988 0.084211
14 0.289658 0.068421 0.024106 0.039474
20 0.957621 0.826316 0.031882 0.050000
14 0.407854 0.069079 0.025661 0.038158
5 0.848367 0.809211 0.116641 0.076316
16 0.478616 0.066447 0.047434 0.035526
3 0.628694 0.817763 0.024106 0.040789
3 0.781104 0.870395 0.022551 0.038158
14 0.319984 0.069079 0.022551 0.035526
3 0.270607 0.844079 0.021773 0.038158
14 0.376750 0.069079 0.024106 0.035526
3 0.124417 0.925000 0.021773 0.039474
3 0.453733 0.770395 0.017885 0.027632
1 0.489891 0.620395 0.102644 0.177632
9 0.776439 0.713158 0.220062 0.034211
9 0.483281 0.730921 0.143857 0.032895
9 0.222006 0.713158 0.216952 0.036842
