12 0.177683 0.065789 0.067652 0.034211
2 0.736781 0.580263 0.140747 0.239474
5 0.848756 0.803947 0.112753 0.071053
3 0.319596 0.826974 0.021773 0.038158
13 0.256221 0.067105 0.053655 0.034211
7 0.041991 0.923684 0.057543 0.084211
16 0.488725 0.069737 0.045879 0.039474
3 0.492613 0.796711 0.022551 0.038158
1 0.230949 0.601974 0.132193 0.196053
14 0.364308 0.071053 0.025661 0.039474
14 0.333204 0.071053 0.025661 0.039474
8 0.945568 0.921711 0.055988 0.077632
0 0.293546 0.134211 0.031882 0.052632
3 0.402022 0.801974 0.020218 0.038158
3 0.155910 0.910526 0.024106 0.039474
3 0.655910 0.821053 0.022551 0.039474
6 0.100700 0.823026 0.067652 0.109211
3 0.577372 0.801974 0.022551 0.038158
0 0.069596 0.133553 0.030327 0.051316
0 0.219285 0.133553 0.035770 0.046053
3 0.744557 0.860526 0.024106 0.039474
0 0.106532 0.130921 0.029549 0.046053
0 0.256610 0.133553 0.034215 0.051316
9 0.242613 0.721711 0.116641 0.019737
0 0.030715 0.133553 0.031882 0.046053
20 0.957232 0.827632 0.034215 0.052632
3 0.237170 0.859211 0.021773 0.039474
0 0.142302 0.134211 0.035770 0.052632
0 0.179627 0.133553 0.034215 0.046053
15 0.303266 0.072368 0.021773 0.039474
35 0.536159 0.533553 0.164075 0.096053
35 0.536159 0.646053 0.164075 0.102632
9 0.730560 0.726316 0.171851 0.015789
