0 0.030893 0.117857 0.036864 0.053571
0 0.068795 0.118304 0.031672 0.047321
0 0.106438 0.116964 0.032191 0.046429
0 0.143302 0.117411 0.032191 0.049107
12 0.162513 0.051786 0.064382 0.037500
0 0.179907 0.117857 0.034787 0.051786
13 0.236760 0.053571 0.048806 0.039286
1 0.238837 0.612946 0.119418 0.199107
14 0.289200 0.056250 0.025961 0.041071
14 0.319315 0.056250 0.024922 0.041071
14 0.350467 0.055357 0.024922 0.039286
16 0.476895 0.054464 0.048287 0.041071
5 0.865265 0.706250 0.145898 0.114286
22 0.680166 0.626786 0.159917 0.175000
