0 0.069596 0.134211 0.030327 0.050000
0 0.370529 0.134211 0.031882 0.050000
12 0.167574 0.070395 0.069207 0.038158
21 0.496501 0.286184 0.490669 0.114474
0 0.331260 0.134211 0.035770 0.050000
0 0.407854 0.134211 0.031882 0.052632
0 0.181571 0.133553 0.031882 0.056579
0 0.258554 0.134211 0.031882 0.052632
0 0.445179 0.134211 0.031882 0.052632
3 0.266330 0.438816 0.022551 0.038158
14 0.321540 0.071053 0.022551 0.034211
0 0.220840 0.134211 0.035770 0.052632
3 0.443624 0.433553 0.022551 0.038158
0 0.108865 0.133553 0.034215 0.051316
0 0.293935 0.134211 0.034215 0.052632
3 0.622473 0.434211 0.024106 0.039474
0 0.144246 0.132895 0.031882 0.052632
17 0.535770 0.071053 0.043546 0.039474
13 0.246112 0.064474 0.055210 0.039474
14 0.351089 0.067105 0.024106 0.034211
0 0.032271 0.134211 0.038103 0.052632
0 0.024495 0.076974 0.030327 0.046053
15 0.288880 0.071711 0.022551 0.032895
34 0.319596 0.563816 0.115086 0.264474
34 0.498445 0.566447 0.116641 0.277632
34 0.673795 0.558553 0.114308 0.269737
16 0.480171 0.071053 0.039658 0.034211
5 0.498056 0.816447 0.148523 0.064474
