12 0.166019 0.067105 0.067652 0.034211
0 0.108865 0.134211 0.034215 0.050000
0 0.069596 0.134211 0.030327 0.050000
0 0.258554 0.134211 0.031882 0.052632
21 0.497667 0.288816 0.493002 0.114474
0 0.407854 0.133553 0.031882 0.051316
0 0.220840 0.134211 0.035770 0.052632
0 0.445179 0.134211 0.031882 0.052632
14 0.321540 0.071053 0.022551 0.034211
14 0.291991 0.071053 0.024106 0.034211
0 0.031882 0.134211 0.035770 0.052632
0 0.331260 0.134211 0.035770 0.050000
13 0.244557 0.067105 0.053655 0.034211
0 0.370529 0.134211 0.031882 0.050000
0 0.183904 0.133553 0.031882 0.056579
0 0.293935 0.134211 0.034215 0.052632
0 0.144246 0.132895 0.031882 0.052632
14 0.351089 0.071711 0.024106 0.038158
3 0.266330 0.439474 0.022551 0.039474
17 0.535770 0.071053 0.043546 0.039474
3 0.443624 0.434211 0.022551 0.039474
3 0.622473 0.434211 0.024106 0.039474
0 0.025661 0.076974 0.029549 0.046053
34 0.323095 0.569737 0.120529 0.281579
34 0.496890 0.563816 0.115086 0.277632
34 0.674184 0.565132 0.115086 0.275000
16 0.479005 0.068421 0.041991 0.034211
5 0.498056 0.817105 0.146967 0.063158
