12 0.165241 0.071053 0.066096 0.034211
0 0.409798 0.134211 0.032659 0.052632
14 0.293546 0.071711 0.025661 0.038158
14 0.321540 0.071711 0.024106 0.038158
0 0.444790 0.134211 0.032659 0.052632
17 0.537325 0.071053 0.041991 0.039474
0 0.371306 0.136842 0.031882 0.052632
0 0.260498 0.138816 0.034215 0.053947
0 0.033437 0.138816 0.035770 0.053947
14 0.352644 0.071053 0.025661 0.039474
8 0.948678 0.933553 0.057543 0.077632
0 0.071928 0.139474 0.030327 0.052632
0 0.297045 0.137500 0.032659 0.053947
5 0.849533 0.808553 0.112753 0.075000
13 0.244557 0.070395 0.052100 0.038158
0 0.220840 0.138816 0.035770 0.053947
0 0.333204 0.140132 0.036547 0.056579
0 0.108865 0.138158 0.034215 0.050000
9 0.721617 0.703289 0.169518 0.027632
2 0.715397 0.586184 0.132193 0.196053
0 0.185459 0.137500 0.031882 0.059211
3 0.662519 0.825658 0.021773 0.038158
0 0.145801 0.134868 0.031882 0.053947
9 0.239891 0.729605 0.136081 0.025000
3 0.583204 0.807895 0.021773 0.034211
3 0.326983 0.827632 0.024106 0.044737
0 0.026050 0.080263 0.031882 0.047368
3 0.738336 0.845395 0.022551 0.035526
3 0.798212 0.869737 0.022551 0.039474
7 0.045490 0.928289 0.052100 0.088158
6 0.103033 0.815789 0.069207 0.110526
1 0.238725 0.615789 0.115086 0.184211
3 0.116641 0.928947 0.020218 0.039474
3 0.176905 0.890789 0.024106 0.028947
3 0.246501 0.857895 0.020218 0.028947
3 0.410187 0.811842 0.024106 0.034211
3 0.500778 0.805921 0.026439 0.040789
16 0.480560 0.071711 0.043546 0.046053
