0 0.371306 0.134868 0.031882 0.051316
0 0.071151 0.138816 0.030327 0.051316
0 0.445179 0.134211 0.031882 0.052632
0 0.521773 0.136842 0.040435 0.057895
12 0.166019 0.069737 0.069207 0.034211
0 0.408631 0.134211 0.031882 0.052632
0 0.332426 0.136842 0.038103 0.052632
0 0.482504 0.134868 0.030327 0.056579
0 0.145023 0.133553 0.031882 0.053947
0 0.183904 0.135526 0.031882 0.057895
0 0.220840 0.136842 0.035770 0.052632
13 0.244557 0.069079 0.053655 0.038158
14 0.320762 0.071711 0.022551 0.038158
0 0.033437 0.136184 0.035770 0.056579
0 0.260498 0.137500 0.034215 0.053947
0 0.295490 0.134868 0.034215 0.056579
0 0.108865 0.136184 0.034215 0.051316
17 0.537325 0.071053 0.041991 0.039474
1 0.240669 0.621053 0.122084 0.202632
14 0.351866 0.071711 0.024106 0.038158
0 0.024106 0.076974 0.032659 0.046053
15 0.291602 0.075658 0.021773 0.035526
2 0.599145 0.582237 0.128305 0.203947
2 0.805599 0.586842 0.124417 0.192105
5 0.321151 0.840132 0.457232 0.064474
5 0.322706 0.917763 0.455677 0.064474
16 0.481337 0.073026 0.038880 0.032895
