5 0.069984 0.827632 0.139968 0.071053
14 0.291991 0.071711 0.022551 0.032895
12 0.166019 0.071053 0.067652 0.031579
0 0.108476 0.133553 0.031882 0.046053
3 0.719285 0.671053 0.026439 0.039474
14 0.321540 0.071053 0.022551 0.034211
0 0.069596 0.133553 0.030327 0.046053
3 0.721229 0.363158 0.025661 0.044737
0 0.031882 0.134211 0.035770 0.052632
3 0.583593 0.671053 0.024106 0.039474
3 0.583204 0.360526 0.026439 0.039474
0 0.407854 0.132895 0.024106 0.057895
0 0.295879 0.134868 0.031882 0.059211
3 0.445179 0.671053 0.024106 0.039474
0 0.144246 0.134211 0.031882 0.052632
3 0.445179 0.359211 0.024106 0.039474
3 0.307543 0.360526 0.024106 0.039474
0 0.370529 0.133553 0.031882 0.059211
14 0.352644 0.071053 0.024106 0.034211
3 0.309098 0.671053 0.025661 0.039474
3 0.169907 0.669737 0.025661 0.039474
13 0.246501 0.071053 0.049767 0.039474
0 0.182348 0.132895 0.031882 0.052632
0 0.219673 0.134211 0.031882 0.057895
0 0.256221 0.132895 0.031882 0.052632
0 0.335537 0.133553 0.030327 0.059211
0 0.445179 0.132895 0.031882 0.052632
3 0.171851 0.359211 0.026439 0.039474
16 0.480949 0.071711 0.045879 0.038158
17 0.535770 0.071053 0.041991 0.034211
34 0.221229 0.489474 0.114308 0.271053
34 0.360420 0.490132 0.115863 0.277632
34 0.498834 0.487500 0.118974 0.275000
34 0.635692 0.489474 0.117418 0.271053
34 0.773328 0.489474 0.115863 0.276316
34 0.222784 0.800000 0.115863 0.271053
34 0.361975 0.804605 0.115863 0.267105
34 0.497667 0.801316 0.115086 0.271053
34 0.637247 0.800658 0.115863 0.272368
34 0.773717 0.802632 0.115086 0.268421
