5 0.498834 0.576316 0.151633 0.071053
0 0.070373 0.134211 0.030327 0.050000
12 0.167574 0.070395 0.069207 0.038158
0 0.369751 0.134211 0.031882 0.050000
0 0.591757 0.133553 0.034215 0.051316
0 0.332815 0.133553 0.035770 0.051316
0 0.258165 0.132895 0.034215 0.052632
0 0.182348 0.133553 0.031882 0.056579
0 0.294712 0.132895 0.034215 0.052632
0 0.220840 0.134211 0.035770 0.052632
14 0.321540 0.071711 0.024106 0.038158
0 0.445179 0.133553 0.031882 0.051316
3 0.445956 0.798684 0.022551 0.039474
0 0.145023 0.133553 0.031882 0.056579
0 0.108865 0.133553 0.034215 0.051316
0 0.480949 0.134211 0.030327 0.052632
0 0.520607 0.134868 0.038103 0.051316
0 0.408631 0.132895 0.031882 0.052632
3 0.646579 0.821053 0.024106 0.039474
7 0.043546 0.928289 0.057543 0.088158
8 0.947512 0.925000 0.059876 0.084211
14 0.351089 0.071711 0.024106 0.038158
0 0.557932 0.134211 0.031882 0.050000
6 0.102644 0.815132 0.073095 0.114474
0 0.032659 0.132895 0.035770 0.052632
13 0.246501 0.067105 0.055988 0.039474
3 0.550156 0.807895 0.024106 0.039474
3 0.341757 0.821711 0.022551 0.038158
3 0.248445 0.850000 0.024106 0.039474
0 0.631026 0.133553 0.031882 0.051316
3 0.165630 0.889474 0.021773 0.034211
0 0.024495 0.076974 0.030327 0.046053
17 0.535770 0.071053 0.041991 0.039474
3 0.729005 0.847368 0.022551 0.034211
21 0.498445 0.201974 0.311042 0.040789
20 0.957232 0.830921 0.026439 0.046053
15 0.291991 0.073684 0.025661 0.034211
16 0.482115 0.073684 0.038880 0.034211
