17 0.537325 0.071053 0.041991 0.042105
0 0.370529 0.134211 0.031882 0.052632
12 0.167574 0.069737 0.069207 0.034211
0 0.071151 0.136842 0.030327 0.047368
0 0.333204 0.136842 0.036547 0.052632
1 0.244557 0.614474 0.106532 0.184211
14 0.322317 0.071711 0.022551 0.038158
14 0.293546 0.071053 0.024106 0.034211
0 0.220840 0.136842 0.035770 0.052632
5 0.849922 0.808553 0.115086 0.072368
0 0.260498 0.137500 0.034215 0.053947
0 0.183904 0.134868 0.031882 0.056579
0 0.146579 0.134868 0.031882 0.059211
7 0.043546 0.932237 0.057543 0.088158
14 0.351089 0.071711 0.024106 0.038158
0 0.295490 0.135526 0.034215 0.052632
13 0.245334 0.069079 0.053655 0.038158
3 0.445956 0.801974 0.024106 0.035526
0 0.445179 0.134211 0.031882 0.052632
0 0.407854 0.132237 0.030327 0.053947
3 0.646579 0.834211 0.025661 0.044737
6 0.102255 0.814474 0.069207 0.110526
3 0.549767 0.811184 0.026439 0.046053
0 0.108087 0.136842 0.032659 0.047368
0 0.033437 0.137500 0.034215 0.053947
3 0.342924 0.827632 0.026439 0.047368
3 0.250000 0.864474 0.024106 0.042105
16 0.479393 0.071053 0.045879 0.042105
8 0.948678 0.931579 0.055988 0.081579
0 0.025272 0.077632 0.030327 0.047368
9 0.711120 0.727632 0.230949 0.021053
2 0.706843 0.559868 0.175739 0.259211
20 0.959953 0.826316 0.030327 0.047368
9 0.234448 0.730921 0.148523 0.027632
