3 0.799378 0.871711 0.021773 0.038158
17 0.536547 0.071711 0.043546 0.046053
12 0.166019 0.068421 0.069207 0.034211
0 0.444401 0.132895 0.031882 0.052632
0 0.369751 0.134868 0.031882 0.051316
1 0.240669 0.620395 0.118974 0.177632
6 0.102255 0.814474 0.069207 0.113158
7 0.041991 0.932237 0.055988 0.088158
13 0.244557 0.067105 0.053655 0.039474
0 0.258165 0.138816 0.034215 0.056579
0 0.070373 0.138816 0.030327 0.051316
0 0.333204 0.134211 0.038103 0.052632
14 0.321540 0.071711 0.024106 0.038158
0 0.293935 0.133553 0.034215 0.056579
0 0.183126 0.134868 0.031882 0.059211
3 0.662908 0.823684 0.022551 0.034211
0 0.408631 0.132895 0.031882 0.052632
0 0.220840 0.136842 0.035770 0.052632
0 0.145023 0.133553 0.031882 0.056579
0 0.032659 0.134868 0.035770 0.056579
3 0.581260 0.806579 0.022551 0.034211
3 0.244946 0.853947 0.018663 0.034211
3 0.326205 0.826316 0.024106 0.039474
5 0.849145 0.809211 0.115086 0.076316
0 0.107309 0.135526 0.034215 0.052632
14 0.351089 0.071711 0.024106 0.038158
3 0.736781 0.846053 0.022551 0.034211
3 0.407076 0.809868 0.022551 0.038158
8 0.951011 0.929605 0.059098 0.077632
16 0.478227 0.071053 0.043546 0.044737
3 0.499611 0.807237 0.022551 0.032895
3 0.175739 0.889474 0.021773 0.034211
3 0.115086 0.930263 0.021773 0.034211
0 0.023717 0.076974 0.031882 0.046053
15 0.290824 0.076316 0.026439 0.039474
2 0.630638 0.578289 0.088647 0.096053
2 0.741058 0.589474 0.085537 0.234211
2 0.858865 0.620395 0.090980 0.088158
9 0.858087 0.689474 0.076983 0.021053
9 0.634914 0.652632 0.078538 0.021053
9 0.738336 0.728289 0.123639 0.022368
9 0.240669 0.734211 0.131415 0.018421
