12 0.180793 0.071053 0.066096 0.034211
5 0.070373 0.829605 0.140746 0.069737
0 0.070373 0.136184 0.030327 0.051316
17 0.548989 0.075658 0.043546 0.038158
14 0.335537 0.074342 0.025661 0.035526
13 0.258554 0.071053 0.052100 0.034211
0 0.033826 0.138816 0.031882 0.046053
0 0.145412 0.134211 0.032659 0.052632
3 0.719285 0.463158 0.026439 0.044737
3 0.445179 0.773684 0.024106 0.039474
0 0.108865 0.134868 0.029549 0.053947
3 0.169518 0.773684 0.026439 0.044737
3 0.720062 0.772368 0.026439 0.042105
16 0.490669 0.073026 0.041991 0.038158
3 0.445956 0.151316 0.024106 0.039474
3 0.445179 0.463158 0.025661 0.039474
3 0.582815 0.771711 0.025661 0.040789
3 0.307543 0.771711 0.025661 0.040789
3 0.583204 0.462500 0.026439 0.040789
3 0.170684 0.463158 0.024106 0.039474
3 0.308320 0.462500 0.024106 0.040789
3 0.720451 0.151316 0.024106 0.039474
3 0.582815 0.151316 0.024106 0.039474
14 0.305988 0.073684 0.022551 0.034211
0 0.183515 0.138816 0.034215 0.056579
0 0.222784 0.136842 0.031882 0.052632
0 0.256221 0.133553 0.030327 0.053947
0 0.291602 0.133553 0.034215 0.053947
0 0.334759 0.134868 0.036547 0.053947
34 0.224728 0.284211 0.116641 0.260526
34 0.362753 0.278947 0.114308 0.271053
34 0.497667 0.283553 0.115086 0.280263
34 0.636081 0.282237 0.116641 0.277632
3 0.311431 0.155921 0.022551 0.038158
34 0.774106 0.278289 0.115863 0.275000
34 0.773328 0.594079 0.115863 0.275000
34 0.636470 0.591447 0.115863 0.267105
34 0.498445 0.589474 0.115086 0.271053
34 0.361198 0.590789 0.117418 0.273684
34 0.223950 0.594737 0.113530 0.273684
