3 0.799378 0.871053 0.021773 0.034211
17 0.535770 0.071711 0.043546 0.046053
12 0.166019 0.067105 0.069207 0.034211
0 0.445568 0.132895 0.034215 0.052632
0 0.368974 0.134211 0.031882 0.052632
6 0.100700 0.814474 0.069207 0.113158
1 0.240669 0.621053 0.118974 0.181579
0 0.257387 0.138816 0.034215 0.056579
13 0.244557 0.065789 0.053655 0.039474
0 0.071151 0.139474 0.031882 0.052632
7 0.043546 0.932237 0.057543 0.088158
0 0.333204 0.134211 0.038103 0.052632
0 0.293935 0.133553 0.034215 0.056579
14 0.321540 0.071053 0.024106 0.039474
0 0.182348 0.133553 0.031882 0.059211
0 0.407854 0.132895 0.031882 0.052632
0 0.144246 0.133553 0.031882 0.056579
3 0.661742 0.821053 0.020218 0.034211
0 0.220840 0.138816 0.035770 0.056579
3 0.583204 0.805263 0.021773 0.034211
3 0.244946 0.852632 0.018663 0.034211
9 0.737170 0.726316 0.124417 0.021053
0 0.031882 0.134211 0.035770 0.057895
5 0.848756 0.809211 0.114308 0.076316
0 0.106532 0.134211 0.034215 0.052632
3 0.325428 0.826316 0.024106 0.039474
14 0.351089 0.071711 0.024106 0.038158
3 0.736781 0.846053 0.022551 0.034211
8 0.949456 0.929605 0.057543 0.077632
3 0.406299 0.808553 0.022551 0.038158
3 0.498834 0.802632 0.022551 0.034211
16 0.477449 0.071053 0.043546 0.044737
3 0.175739 0.889474 0.020218 0.034211
3 0.115086 0.927632 0.021773 0.034211
0 0.022939 0.076974 0.031882 0.046053
2 0.630638 0.583553 0.094868 0.106579
2 0.856921 0.609211 0.088647 0.102632
2 0.748445 0.589474 0.084759 0.226316
15 0.291602 0.071711 0.026439 0.038158
9 0.240280 0.732237 0.130638 0.017105
9 0.634526 0.653289 0.080871 0.022368
9 0.858476 0.688816 0.079316 0.025000
