12 0.166019 0.067105 0.067652 0.034211
0 0.108865 0.134211 0.034215 0.050000
0 0.069596 0.134211 0.030327 0.050000
21 0.498834 0.288816 0.490669 0.114474
0 0.220840 0.134211 0.035770 0.052632
0 0.445179 0.134211 0.031882 0.052632
0 0.258554 0.134211 0.031882 0.052632
14 0.321540 0.071053 0.022551 0.034211
0 0.407854 0.133553 0.031882 0.051316
14 0.291991 0.067105 0.024106 0.034211
0 0.031882 0.134211 0.035770 0.052632
0 0.331260 0.134211 0.035770 0.050000
13 0.243002 0.067105 0.052100 0.034211
0 0.183904 0.133553 0.031882 0.059211
0 0.370529 0.134211 0.031882 0.050000
0 0.144246 0.132895 0.031882 0.052632
0 0.293935 0.134211 0.034215 0.052632
14 0.351089 0.071711 0.024106 0.038158
3 0.443624 0.433553 0.022551 0.038158
17 0.535770 0.071053 0.043546 0.039474
3 0.268663 0.439474 0.024106 0.039474
3 0.622473 0.434211 0.024106 0.039474
0 0.025661 0.076974 0.029549 0.046053
34 0.321151 0.563158 0.116641 0.276316
34 0.498445 0.559211 0.116641 0.284211
34 0.674184 0.559868 0.118196 0.277632
16 0.479782 0.070395 0.041991 0.035526
5 0.498445 0.815789 0.149300 0.068421
