0 0.499222 0.380263 0.040435 0.063158
13 0.256221 0.072368 0.052100 0.042105
12 0.177294 0.073026 0.062208 0.038158
0 0.108865 0.137500 0.031104 0.051316
0 0.559098 0.489474 0.046656 0.071053
0 0.070373 0.137500 0.031882 0.053947
1 0.215397 0.601974 0.164852 0.211842
5 0.071928 0.829605 0.142302 0.075000
0 0.183515 0.138158 0.035770 0.052632
0 0.146579 0.138158 0.034992 0.052632
0 0.033048 0.138158 0.033437 0.050000
16 0.491835 0.076974 0.047434 0.048684
21 0.500778 0.296711 0.491446 0.122368
14 0.363919 0.074342 0.024883 0.040789
14 0.333204 0.075000 0.025661 0.042105
0 0.445956 0.513816 0.053655 0.072368
35 0.712675 0.421053 0.159409 0.102632
14 0.305210 0.073026 0.022551 0.035526
