12 0.177683 0.068421 0.067652 0.034211
2 0.736781 0.581579 0.140747 0.242105
5 0.848756 0.806579 0.112753 0.071053
3 0.319596 0.826974 0.021773 0.038158
13 0.256221 0.069079 0.053655 0.035526
7 0.041991 0.926316 0.057543 0.084211
16 0.489502 0.071053 0.045879 0.042105
3 0.492613 0.796711 0.022551 0.038158
1 0.230949 0.602632 0.132193 0.197368
14 0.364308 0.073684 0.025661 0.039474
14 0.333204 0.072368 0.025661 0.039474
8 0.947123 0.924342 0.055988 0.077632
0 0.293935 0.134211 0.032659 0.052632
3 0.403577 0.801974 0.020218 0.038158
3 0.155910 0.913158 0.024106 0.039474
3 0.657465 0.823684 0.022551 0.039474
6 0.102255 0.825658 0.067652 0.109211
3 0.577372 0.804605 0.022551 0.038158
0 0.069596 0.133553 0.030327 0.051316
0 0.220062 0.133553 0.035770 0.046053
3 0.744557 0.861842 0.024106 0.042105
0 0.107309 0.132895 0.029549 0.047368
0 0.258165 0.134868 0.034215 0.051316
9 0.242613 0.721711 0.116641 0.019737
0 0.031882 0.134211 0.032659 0.047368
20 0.957232 0.827632 0.034215 0.052632
3 0.237170 0.860526 0.021773 0.039474
0 0.143857 0.135526 0.035770 0.052632
0 0.181182 0.134868 0.034215 0.046053
15 0.303266 0.075000 0.021773 0.039474
35 0.536936 0.536184 0.164075 0.096053
35 0.537714 0.646053 0.164075 0.102632
9 0.732115 0.727632 0.171851 0.018421
