12 0.180016 0.069079 0.070762 0.038158
8 0.948678 0.930263 0.057543 0.073684
3 0.446345 0.802632 0.023328 0.039474
14 0.332815 0.071053 0.024883 0.039474
6 0.103033 0.825000 0.067652 0.110526
3 0.340980 0.826974 0.022551 0.040789
0 0.259331 0.137500 0.034992 0.056579
3 0.549378 0.810526 0.025661 0.044737
0 0.221229 0.136842 0.036547 0.052632
2 0.800544 0.563158 0.098756 0.178947
0 0.295101 0.136842 0.034992 0.057895
5 0.849922 0.807895 0.118196 0.076316
9 0.799378 0.689474 0.172628 0.034211
0 0.145801 0.138158 0.034992 0.055263
13 0.256998 0.068421 0.053655 0.039474
16 0.492224 0.069737 0.046656 0.044737
0 0.108865 0.137500 0.031104 0.053947
14 0.363530 0.069737 0.024106 0.039474
3 0.248445 0.865789 0.022551 0.039474
1 0.241058 0.602632 0.116641 0.207895
14 0.304821 0.070395 0.023328 0.038158
9 0.247278 0.721711 0.124417 0.022368
0 0.181960 0.138158 0.035770 0.050000
0 0.369751 0.131579 0.030327 0.057895
7 0.042768 0.929605 0.055988 0.082895
0 0.406299 0.131579 0.033437 0.057895
3 0.646190 0.834211 0.026439 0.050000
0 0.443235 0.133553 0.031104 0.056579
0 0.332815 0.134868 0.027994 0.051316
0 0.034603 0.140132 0.031882 0.046053
0 0.071540 0.136842 0.032659 0.052632
0 0.022939 0.083553 0.030327 0.043421
2 0.520995 0.600658 0.054432 0.085526
20 0.958398 0.830921 0.028771 0.051316
9 0.518663 0.701974 0.082426 0.019737
