12 0.178460 0.069079 0.067652 0.035526
5 0.848756 0.807895 0.112753 0.071053
7 0.041213 0.927632 0.055988 0.084211
3 0.445179 0.802632 0.022551 0.039474
1 0.215008 0.602632 0.162519 0.200000
16 0.490280 0.071053 0.047434 0.042105
13 0.256221 0.069079 0.055210 0.038158
3 0.340202 0.827632 0.022551 0.039474
14 0.333204 0.072368 0.025661 0.039474
8 0.947123 0.925000 0.055988 0.084211
14 0.364308 0.073684 0.025661 0.039474
2 0.798600 0.608553 0.079316 0.177632
6 0.102255 0.825658 0.067652 0.109211
3 0.644246 0.832895 0.024106 0.042105
0 0.069596 0.133553 0.030327 0.051316
0 0.293935 0.133553 0.034215 0.053947
0 0.220840 0.133553 0.035770 0.046053
9 0.239891 0.721053 0.112753 0.021053
3 0.247667 0.865132 0.022551 0.038158
0 0.107698 0.135526 0.030327 0.050000
0 0.031882 0.136842 0.034215 0.047368
0 0.258165 0.134868 0.034215 0.051316
0 0.143857 0.136184 0.035770 0.051316
0 0.181182 0.134868 0.034215 0.046053
2 0.622862 0.496053 0.102644 0.144737
9 0.805599 0.725000 0.147745 0.028947
3 0.547434 0.805921 0.020218 0.035526
15 0.302100 0.076974 0.024106 0.040789
35 0.636081 0.616447 0.161742 0.101316
9 0.638414 0.716447 0.136858 0.022368
