1 0.239114 0.617763 0.117418 0.180263
12 0.166796 0.068421 0.069207 0.036842
0 0.555988 0.133553 0.037325 0.056579
0 0.332037 0.136184 0.034215 0.056579
3 0.445179 0.795395 0.024106 0.040789
0 0.405521 0.134211 0.033437 0.052632
0 0.443624 0.134211 0.031882 0.052632
3 0.643079 0.818421 0.026439 0.042105
2 0.715008 0.524342 0.207621 0.314474
0 0.517885 0.132237 0.031104 0.053947
5 0.849533 0.807895 0.118974 0.076316
0 0.480171 0.133553 0.030327 0.048684
8 0.948289 0.927632 0.056765 0.073684
13 0.241446 0.067763 0.050544 0.040789
0 0.369362 0.135526 0.035770 0.055263
6 0.103421 0.811842 0.069984 0.113158
3 0.341757 0.818421 0.025661 0.039474
3 0.248834 0.849342 0.024883 0.040789
0 0.145412 0.136842 0.034215 0.055263
0 0.220062 0.137500 0.034215 0.053947
0 0.072706 0.136842 0.033437 0.052632
0 0.033437 0.136184 0.035770 0.053947
7 0.041991 0.925658 0.055988 0.085526
0 0.183904 0.136842 0.033437 0.057895
3 0.549378 0.801974 0.025661 0.043421
0 0.259331 0.136842 0.036547 0.057895
14 0.322317 0.069737 0.024106 0.039474
14 0.290824 0.069737 0.024883 0.042105
0 0.295101 0.136184 0.031882 0.056579
14 0.351866 0.069737 0.022551 0.039474
9 0.237947 0.726974 0.133748 0.025000
3 0.727449 0.843421 0.027216 0.044737
0 0.108476 0.136184 0.031882 0.056579
14 0.408243 0.068421 0.026439 0.039474
16 0.479393 0.067763 0.047434 0.040789
3 0.166407 0.890132 0.024883 0.040789
14 0.377527 0.069737 0.024106 0.039474
9 0.716563 0.710526 0.255832 0.015789
