12 0.179627 0.073026 0.066874 0.038158
5 0.863919 0.713816 0.161742 0.138158
0 0.108865 0.137500 0.031104 0.051316
21 0.499611 0.294737 0.496890 0.126316
0 0.070373 0.137500 0.031882 0.053947
0 0.146579 0.138158 0.034992 0.052632
0 0.033048 0.138158 0.033437 0.050000
0 0.183904 0.137500 0.036547 0.051316
14 0.333593 0.075000 0.023328 0.039474
16 0.490280 0.073684 0.045879 0.042105
14 0.364308 0.075658 0.025661 0.040789
13 0.254277 0.072368 0.046656 0.039474
23 0.501944 0.413158 0.227838 0.076316
35 0.308709 0.175000 0.164852 0.107895
14 0.306376 0.074342 0.024883 0.038158
