0 0.073095 0.137500 0.034215 0.053947
2 0.667185 0.645395 0.041991 0.051316
13 0.242224 0.071711 0.045879 0.038158
12 0.167574 0.071053 0.067652 0.036842
15 0.350311 0.075658 0.025661 0.040789
3 0.447512 0.797368 0.022551 0.036842
0 0.221229 0.135526 0.033437 0.052632
0 0.185070 0.136184 0.032659 0.053947
0 0.146579 0.137500 0.033437 0.053947
2 0.582426 0.660526 0.046656 0.044737
8 0.951011 0.925000 0.060653 0.078947
2 0.501555 0.647368 0.048212 0.050000
0 0.259331 0.138158 0.036547 0.060526
2 0.754666 0.682895 0.041213 0.050000
2 0.239502 0.612500 0.113530 0.188158
3 0.249611 0.850000 0.023328 0.039474
9 0.236003 0.728947 0.131415 0.021053
7 0.042379 0.928289 0.056765 0.080263
0 0.108865 0.136184 0.031104 0.056579
16 0.479005 0.074342 0.045101 0.043421
3 0.645801 0.817763 0.024106 0.043421
0 0.033437 0.136842 0.035770 0.055263
2 0.853033 0.655263 0.049767 0.039474
5 0.850700 0.807237 0.111975 0.072368
14 0.321540 0.074342 0.022551 0.038158
3 0.166796 0.890789 0.022551 0.039474
3 0.728227 0.846053 0.024106 0.042105
3 0.342924 0.817763 0.023328 0.038158
9 0.852644 0.702632 0.075428 0.018421
6 0.102644 0.813816 0.068429 0.109211
3 0.549378 0.801974 0.024106 0.040789
9 0.666019 0.701316 0.075428 0.018421
9 0.500778 0.700658 0.079316 0.019737
9 0.753110 0.740132 0.073872 0.019737
14 0.291602 0.075658 0.026439 0.040789
9 0.582426 0.714474 0.073095 0.015789
