2 0.580482 0.661184 0.052100 0.046053
2 0.852644 0.654605 0.047434 0.043421
0 0.072706 0.136842 0.033437 0.052632
13 0.242613 0.071711 0.046656 0.038158
12 0.167963 0.071053 0.068429 0.036842
15 0.350700 0.076316 0.026439 0.042105
0 0.221229 0.135526 0.033437 0.052632
0 0.146579 0.137500 0.033437 0.053947
0 0.185070 0.136184 0.032659 0.053947
0 0.259331 0.138816 0.036547 0.061842
9 0.236781 0.729605 0.132970 0.019737
3 0.447123 0.803289 0.024883 0.038158
16 0.479005 0.074342 0.045101 0.043421
0 0.108476 0.136842 0.031882 0.057895
2 0.239891 0.613816 0.114308 0.188158
8 0.948678 0.924342 0.057543 0.082895
5 0.850700 0.807237 0.110420 0.072368
0 0.033048 0.136842 0.036547 0.055263
3 0.644635 0.836184 0.024883 0.043421
14 0.321540 0.074342 0.022551 0.038158
20 0.958398 0.828289 0.030327 0.048684
3 0.342146 0.826974 0.023328 0.038158
9 0.852255 0.702632 0.077760 0.018421
3 0.549767 0.809868 0.024883 0.043421
7 0.043157 0.926316 0.053655 0.081579
3 0.248056 0.865789 0.023328 0.039474
6 0.103810 0.814474 0.070762 0.110526
14 0.291991 0.075000 0.025661 0.039474
9 0.583981 0.713816 0.076205 0.019737
