8 0.949456 0.932237 0.059098 0.075000
12 0.178460 0.069079 0.067652 0.038158
14 0.332815 0.070395 0.024883 0.040789
6 0.102644 0.824342 0.069984 0.114474
0 0.258165 0.137500 0.034215 0.056579
16 0.490280 0.071053 0.044323 0.047368
5 0.849145 0.808553 0.116641 0.077632
3 0.645801 0.834868 0.024106 0.040789
3 0.446734 0.802632 0.024106 0.042105
0 0.221229 0.137500 0.036547 0.051316
2 0.618974 0.635526 0.063764 0.100000
7 0.041602 0.929605 0.055210 0.080263
0 0.294323 0.136184 0.034992 0.056579
3 0.341369 0.826974 0.024883 0.040789
9 0.240669 0.723026 0.140747 0.038158
0 0.145801 0.138158 0.034992 0.055263
0 0.108865 0.136842 0.031104 0.052632
14 0.363919 0.070395 0.024883 0.040789
1 0.225505 0.600658 0.150855 0.201316
14 0.304821 0.070395 0.023328 0.038158
0 0.182348 0.138158 0.034992 0.050000
13 0.256610 0.067763 0.054432 0.040789
0 0.444012 0.134868 0.032659 0.059211
0 0.370140 0.132237 0.032659 0.059211
0 0.331649 0.134211 0.028771 0.052632
0 0.071928 0.136842 0.031882 0.052632
0 0.034603 0.139474 0.031882 0.047368
0 0.406299 0.131579 0.033437 0.057895
20 0.958787 0.832237 0.027994 0.048684
2 0.743390 0.613158 0.065319 0.144737
0 0.024883 0.079605 0.029549 0.048684
9 0.621695 0.715132 0.083204 0.017105
9 0.743002 0.721053 0.081649 0.021053
