0 0.073095 0.136842 0.034215 0.052632
13 0.242613 0.071053 0.048212 0.036842
12 0.167574 0.070395 0.067652 0.035526
8 0.947900 0.928947 0.055988 0.076316
0 0.146579 0.136842 0.033437 0.052632
0 0.220840 0.134211 0.034215 0.050000
0 0.185459 0.135526 0.033437 0.052632
9 0.236781 0.728947 0.132970 0.021053
5 0.849533 0.807237 0.111198 0.072368
15 0.350311 0.075658 0.025661 0.040789
0 0.033048 0.136184 0.036547 0.053947
7 0.041602 0.927632 0.053655 0.078947
0 0.259720 0.134868 0.035770 0.053947
0 0.108865 0.136184 0.031104 0.056579
20 0.958398 0.830263 0.030327 0.050000
14 0.321540 0.073684 0.022551 0.039474
3 0.341757 0.827632 0.024106 0.039474
3 0.446345 0.802632 0.026439 0.039474
16 0.478227 0.073684 0.045101 0.044737
2 0.726283 0.604605 0.124417 0.196053
6 0.103033 0.813816 0.069207 0.111842
2 0.240280 0.613816 0.113530 0.188158
3 0.645023 0.834868 0.025661 0.043421
3 0.248056 0.865789 0.023328 0.039474
3 0.550544 0.809868 0.026439 0.043421
14 0.291602 0.074342 0.024883 0.040789
9 0.746501 0.709868 0.096423 0.022368
