1 0.238336 0.617763 0.120529 0.177632
12 0.166019 0.069079 0.069207 0.035526
6 0.101089 0.812500 0.069984 0.109211
0 0.519829 0.136842 0.036547 0.052632
0 0.370529 0.134868 0.031882 0.051316
0 0.409409 0.132895 0.031882 0.052632
0 0.594090 0.133553 0.032659 0.051316
8 0.950233 0.926974 0.057543 0.077632
14 0.321540 0.070395 0.024106 0.038158
3 0.326205 0.824342 0.024106 0.040789
0 0.480560 0.134211 0.027994 0.052632
13 0.245723 0.067105 0.055988 0.039474
0 0.632970 0.131579 0.034215 0.052632
0 0.183515 0.135526 0.032659 0.057895
7 0.041602 0.926316 0.055210 0.089474
3 0.581260 0.805921 0.024106 0.035526
3 0.114308 0.927632 0.020218 0.034211
0 0.445179 0.134868 0.031882 0.051316
0 0.070373 0.136842 0.030327 0.047368
0 0.108865 0.138158 0.034215 0.050000
0 0.557154 0.133553 0.030327 0.051316
2 0.743002 0.572368 0.216952 0.234211
0 0.145023 0.134868 0.031882 0.056579
0 0.294712 0.134211 0.034215 0.052632
3 0.500389 0.805921 0.025661 0.035526
5 0.850311 0.807895 0.112753 0.071053
0 0.220062 0.137500 0.035770 0.053947
14 0.351866 0.071053 0.024106 0.039474
0 0.032659 0.134868 0.035770 0.056579
0 0.332037 0.136184 0.035770 0.051316
17 0.535770 0.068421 0.041991 0.039474
3 0.407854 0.809211 0.024106 0.039474
0 0.258165 0.136184 0.034215 0.056579
3 0.798600 0.870395 0.020218 0.035526
3 0.246501 0.853289 0.018663 0.032895
0 0.024495 0.076974 0.031882 0.046053
14 0.292768 0.070395 0.024106 0.038158
3 0.737170 0.844079 0.021773 0.035526
3 0.662908 0.821711 0.022551 0.038158
3 0.177294 0.888816 0.018663 0.032895
16 0.480560 0.071053 0.041991 0.044737
9 0.750778 0.720395 0.240280 0.014474
9 0.241835 0.732895 0.135303 0.018421
