12 0.166019 0.069079 0.069207 0.035526
0 0.183904 0.133553 0.031882 0.053947
14 0.320762 0.070395 0.022551 0.035526
0 0.332037 0.132895 0.035770 0.047368
0 0.407854 0.132895 0.031882 0.052632
0 0.370140 0.133553 0.032659 0.051316
14 0.291991 0.069737 0.022551 0.034211
13 0.243779 0.069079 0.053655 0.038158
0 0.218507 0.134211 0.034215 0.052632
0 0.108865 0.134868 0.035770 0.051316
0 0.070373 0.134211 0.030327 0.050000
14 0.351089 0.070395 0.024106 0.035526
0 0.145023 0.133553 0.031882 0.053947
0 0.258165 0.134211 0.032659 0.052632
0 0.479393 0.133553 0.030327 0.053947
0 0.032659 0.133553 0.035770 0.053947
0 0.519829 0.138158 0.038103 0.052632
0 0.592924 0.134211 0.031882 0.050000
17 0.535770 0.068421 0.041991 0.039474
0 0.293935 0.134211 0.034215 0.052632
0 0.444401 0.134211 0.031882 0.052632
0 0.557932 0.133553 0.030327 0.051316
0 0.632582 0.136184 0.031882 0.051316
0 0.024495 0.076974 0.030327 0.046053
5 0.414852 0.389474 0.104977 0.157895
5 0.573095 0.388816 0.108865 0.153947
5 0.494557 0.621711 0.102644 0.159211
16 0.481726 0.072368 0.039658 0.031579
