7 0.042379 0.927632 0.055210 0.086842
12 0.180016 0.073026 0.067652 0.038158
13 0.257776 0.072368 0.052100 0.039474
2 0.743390 0.554605 0.136858 0.256579
5 0.849922 0.806579 0.108865 0.073684
8 0.950233 0.930263 0.057543 0.076316
0 0.108865 0.139474 0.031104 0.052632
1 0.217341 0.597368 0.168740 0.215789
6 0.103421 0.826974 0.071540 0.106579
16 0.491835 0.074342 0.045879 0.043421
3 0.445956 0.803947 0.024106 0.039474
3 0.645023 0.838158 0.024106 0.042105
14 0.333593 0.075658 0.024883 0.040789
0 0.070762 0.138158 0.031104 0.052632
0 0.033437 0.138816 0.031104 0.048684
0 0.146967 0.140132 0.035770 0.053947
14 0.364308 0.075658 0.024106 0.040789
3 0.341757 0.828947 0.022551 0.039474
3 0.549767 0.814474 0.024883 0.042105
3 0.248445 0.867105 0.024106 0.039474
9 0.244946 0.724342 0.125972 0.017105
14 0.305599 0.073684 0.020218 0.039474
9 0.749222 0.716447 0.176516 0.019737
