3 0.397356 0.797368 0.024883 0.039474
0 0.073095 0.136842 0.034215 0.052632
12 0.167574 0.070395 0.067652 0.035526
13 0.244557 0.070395 0.052100 0.038158
3 0.496501 0.790132 0.024106 0.040789
5 0.849922 0.806579 0.110420 0.071053
8 0.947900 0.930263 0.055988 0.073684
0 0.220840 0.134211 0.034215 0.050000
15 0.350311 0.075658 0.025661 0.040789
0 0.185070 0.135526 0.032659 0.052632
0 0.146579 0.136842 0.033437 0.052632
9 0.236392 0.728947 0.132193 0.018421
2 0.749611 0.559211 0.188180 0.244737
7 0.041991 0.926974 0.055988 0.080263
0 0.109253 0.136184 0.031882 0.056579
3 0.295879 0.828947 0.025661 0.042105
0 0.259720 0.134868 0.035770 0.053947
0 0.033048 0.136184 0.036547 0.053947
3 0.595645 0.803289 0.026439 0.043421
14 0.321540 0.074342 0.022551 0.038158
16 0.478616 0.073684 0.045879 0.044737
3 0.690513 0.830263 0.024883 0.044737
20 0.958787 0.830263 0.031104 0.052632
2 0.239891 0.615132 0.112753 0.185526
6 0.103421 0.813816 0.069984 0.109211
14 0.291602 0.075000 0.024883 0.039474
3 0.202955 0.869079 0.024883 0.043421
9 0.748834 0.713816 0.216174 0.019737
