12 0.167185 0.072368 0.066874 0.034211
15 0.351089 0.075658 0.025661 0.038158
13 0.245334 0.072368 0.052100 0.036842
0 0.073095 0.138158 0.034215 0.052632
15 0.322317 0.075000 0.024106 0.036842
8 0.948678 0.926974 0.057543 0.077632
9 0.239502 0.730263 0.132193 0.023684
14 0.292768 0.074342 0.024106 0.038158
16 0.476672 0.074342 0.038880 0.040789
3 0.446345 0.803289 0.024883 0.038158
5 0.849533 0.806579 0.111198 0.073684
0 0.033048 0.137500 0.036547 0.053947
0 0.108865 0.136184 0.031104 0.056579
2 0.755832 0.589474 0.143079 0.205263
7 0.041602 0.928947 0.055210 0.081579
3 0.645801 0.834868 0.025661 0.046053
2 0.240669 0.613158 0.114308 0.189474
3 0.341757 0.826316 0.022551 0.039474
3 0.549767 0.809868 0.024883 0.040789
3 0.248445 0.865132 0.024106 0.040789
6 0.104199 0.814474 0.071540 0.110526
9 0.751166 0.712500 0.138414 0.019737
