12 0.166796 0.070395 0.066096 0.035526
0 0.073095 0.137500 0.034215 0.053947
8 0.949067 0.928289 0.056765 0.075000
7 0.042768 0.925000 0.059098 0.086842
15 0.350700 0.075000 0.026439 0.039474
13 0.242224 0.071053 0.045879 0.036842
9 0.236781 0.729605 0.132970 0.022368
0 0.146579 0.136842 0.033437 0.052632
15 0.321540 0.074342 0.024106 0.038158
3 0.444790 0.794737 0.021773 0.036842
0 0.185070 0.134868 0.032659 0.053947
0 0.220451 0.133553 0.033437 0.048684
2 0.755832 0.647368 0.150855 0.121053
5 0.850700 0.807895 0.111975 0.078947
0 0.033048 0.136184 0.036547 0.053947
0 0.108865 0.136184 0.031104 0.056579
20 0.959565 0.828289 0.031104 0.048684
0 0.259331 0.134868 0.033437 0.053947
2 0.239891 0.613816 0.112753 0.190789
16 0.479393 0.073684 0.045879 0.042105
6 0.103421 0.813816 0.071540 0.109211
14 0.291991 0.075000 0.025661 0.039474
9 0.749222 0.736842 0.167185 0.018421
