12 0.181182 0.071053 0.065319 0.031579
5 0.071151 0.830921 0.140747 0.067105
0 0.070373 0.136184 0.030327 0.051316
3 0.719673 0.377632 0.025661 0.039474
0 0.108865 0.134211 0.029549 0.052632
0 0.033826 0.137500 0.031882 0.046053
3 0.583204 0.377632 0.026439 0.039474
3 0.307543 0.688816 0.025661 0.040789
0 0.146190 0.133553 0.034215 0.056579
3 0.170295 0.378289 0.026439 0.040789
3 0.169129 0.689474 0.024106 0.039474
3 0.444401 0.688816 0.024106 0.040789
3 0.445568 0.378289 0.026439 0.040789
14 0.334759 0.073026 0.024106 0.038158
13 0.258165 0.071053 0.049767 0.034211
3 0.307932 0.378289 0.026439 0.040789
14 0.305210 0.072368 0.022551 0.034211
17 0.549378 0.071053 0.039658 0.031579
0 0.183904 0.133553 0.031882 0.059211
0 0.220451 0.133553 0.030327 0.059211
0 0.258165 0.130921 0.026439 0.059211
0 0.295879 0.134211 0.030327 0.052632
0 0.333981 0.136842 0.031882 0.052632
0 0.370918 0.134868 0.029549 0.056579
0 0.407854 0.133553 0.025661 0.053947
16 0.492224 0.071711 0.041991 0.038158
34 0.224728 0.509211 0.118196 0.284211
34 0.361198 0.507895 0.112753 0.271053
34 0.499611 0.507895 0.112753 0.273684
34 0.637247 0.507895 0.115863 0.276316
34 0.772551 0.510526 0.115863 0.273684
34 0.224728 0.819737 0.115086 0.271053
34 0.361586 0.821053 0.113530 0.273684
34 0.499222 0.819079 0.116641 0.275000
