0 0.370529 0.133553 0.031882 0.051316
0 0.069596 0.138816 0.030327 0.051316
0 0.445179 0.134211 0.031882 0.052632
0 0.520607 0.134211 0.039658 0.057895
12 0.166019 0.067105 0.069207 0.034211
0 0.407854 0.134211 0.031882 0.052632
0 0.331649 0.134211 0.038103 0.052632
0 0.480949 0.133553 0.030327 0.056579
0 0.144246 0.132895 0.031882 0.052632
0 0.183904 0.134211 0.031882 0.057895
0 0.220840 0.134211 0.035770 0.052632
13 0.244557 0.069079 0.053655 0.038158
14 0.319207 0.071711 0.022551 0.038158
0 0.031882 0.133553 0.035770 0.056579
0 0.260498 0.135526 0.034215 0.052632
0 0.293935 0.133553 0.034215 0.056579
0 0.108865 0.133553 0.034215 0.051316
17 0.535770 0.071053 0.041991 0.039474
1 0.240669 0.621053 0.122084 0.202632
14 0.351089 0.071711 0.024106 0.038158
15 0.291602 0.073684 0.021773 0.034211
2 0.599145 0.580263 0.128305 0.202632
2 0.805599 0.585526 0.124417 0.189474
16 0.479393 0.071711 0.038103 0.032895
37 0.322706 0.843421 0.458787 0.063158
37 0.323484 0.919079 0.460342 0.061842
