12 0.180016 0.071053 0.067652 0.034211
3 0.340202 0.826316 0.022551 0.039474
8 0.947900 0.925000 0.055988 0.084211
5 0.850700 0.807895 0.108865 0.071053
7 0.043935 0.932237 0.055210 0.088158
0 0.033048 0.138816 0.031882 0.046053
0 0.257776 0.134211 0.031882 0.052632
3 0.445956 0.802632 0.024106 0.039474
0 0.293935 0.134868 0.034215 0.046053
14 0.335537 0.073684 0.025661 0.039474
13 0.256998 0.069737 0.052100 0.034211
0 0.144246 0.134868 0.038103 0.056579
3 0.646190 0.839474 0.026439 0.044737
0 0.219673 0.136184 0.031882 0.046053
0 0.070373 0.133553 0.030327 0.051316
20 0.958398 0.827632 0.031882 0.052632
0 0.184292 0.134868 0.027994 0.046053
3 0.548600 0.813158 0.024106 0.044737
0 0.107698 0.134868 0.030327 0.056579
0 0.331260 0.136184 0.035770 0.046053
6 0.103033 0.827632 0.067652 0.113158
3 0.248445 0.869079 0.024106 0.038158
2 0.735614 0.584211 0.124417 0.194737
0 0.370529 0.135526 0.031882 0.057895
1 0.216952 0.601974 0.161742 0.201316
17 0.548989 0.072368 0.043546 0.039474
14 0.303655 0.072368 0.022551 0.034211
16 0.489891 0.072368 0.043546 0.039474
9 0.738725 0.703289 0.205288 0.032895
9 0.250389 0.723684 0.121306 0.021053
