12 0.164852 0.071053 0.065319 0.034211
0 0.409409 0.134211 0.031882 0.052632
14 0.293546 0.071711 0.025661 0.038158
14 0.321540 0.071711 0.024106 0.038158
0 0.444401 0.134211 0.031882 0.052632
17 0.536547 0.071053 0.041991 0.039474
0 0.370529 0.135526 0.031882 0.052632
0 0.260498 0.138158 0.034215 0.052632
0 0.032659 0.138158 0.035770 0.052632
14 0.352644 0.071053 0.025661 0.039474
8 0.947900 0.933553 0.057543 0.077632
0 0.071151 0.139474 0.030327 0.052632
0 0.296656 0.136842 0.031882 0.052632
5 0.848756 0.808553 0.112753 0.075000
13 0.244557 0.070395 0.052100 0.038158
0 0.220840 0.138158 0.035770 0.052632
0 0.332815 0.140132 0.035770 0.056579
0 0.108865 0.138158 0.034215 0.050000
9 0.720840 0.701974 0.169518 0.027632
2 0.715397 0.584868 0.132193 0.196053
0 0.185459 0.136184 0.031882 0.059211
3 0.661742 0.825658 0.021773 0.038158
0 0.145023 0.132895 0.031882 0.052632
9 0.239114 0.728289 0.136081 0.025000
3 0.583204 0.807895 0.021773 0.034211
3 0.326205 0.827632 0.024106 0.044737
3 0.737558 0.844737 0.022551 0.034211
3 0.798212 0.869737 0.022551 0.039474
7 0.044712 0.926974 0.052100 0.088158
6 0.103033 0.813816 0.069207 0.109211
1 0.238725 0.614474 0.115086 0.184211
3 0.116641 0.927632 0.020218 0.039474
3 0.176128 0.888816 0.024106 0.027632
3 0.246501 0.857237 0.020218 0.027632
3 0.410187 0.810526 0.024106 0.034211
3 0.500778 0.805263 0.026439 0.039474
16 0.480560 0.071711 0.043546 0.046053
