12 0.166019 0.071053 0.066096 0.034211
17 0.537714 0.071711 0.044323 0.040789
0 0.073095 0.134211 0.029549 0.047368
0 0.033826 0.134868 0.038103 0.053947
0 0.108476 0.136184 0.031882 0.046053
13 0.244168 0.071711 0.051322 0.038158
16 0.479393 0.071711 0.047434 0.040789
0 0.145023 0.136842 0.031882 0.052632
0 0.185070 0.135526 0.032659 0.057895
21 0.302488 0.280263 0.553655 0.094737
14 0.291991 0.076316 0.022551 0.042105
14 0.323095 0.076974 0.025661 0.046053
15 0.351477 0.072368 0.021773 0.039474
37 0.652022 0.776316 0.458009 0.057895
37 0.653577 0.848684 0.458009 0.060526
