3 0.799378 0.871711 0.021773 0.038158
17 0.535770 0.071711 0.043546 0.046053
12 0.166019 0.067105 0.069207 0.034211
0 0.443624 0.132895 0.031882 0.052632
0 0.368974 0.133553 0.031882 0.051316
1 0.240669 0.620395 0.118974 0.177632
6 0.101477 0.814474 0.069207 0.113158
7 0.041991 0.932237 0.055988 0.088158
13 0.244557 0.065789 0.053655 0.039474
0 0.257387 0.138816 0.034215 0.056579
0 0.069596 0.138816 0.030327 0.051316
0 0.333204 0.134211 0.038103 0.052632
14 0.321540 0.071711 0.024106 0.038158
0 0.293935 0.133553 0.034215 0.056579
0 0.182348 0.133553 0.031882 0.059211
3 0.662131 0.822368 0.022551 0.034211
0 0.407854 0.132895 0.031882 0.052632
0 0.220840 0.135526 0.035770 0.052632
0 0.144246 0.133553 0.031882 0.056579
0 0.031882 0.133553 0.035770 0.056579
3 0.581260 0.805263 0.022551 0.034211
3 0.244946 0.852632 0.018663 0.034211
3 0.325428 0.826316 0.024106 0.039474
5 0.849145 0.809211 0.115086 0.076316
0 0.106532 0.134211 0.034215 0.052632
14 0.351089 0.071711 0.024106 0.038158
3 0.736781 0.846053 0.022551 0.034211
3 0.406299 0.808553 0.022551 0.038158
8 0.951011 0.928289 0.059098 0.077632
16 0.477449 0.071053 0.043546 0.044737
3 0.498834 0.807237 0.022551 0.032895
3 0.175739 0.889474 0.021773 0.034211
3 0.115086 0.928947 0.021773 0.034211
15 0.290047 0.076316 0.026439 0.039474
2 0.630638 0.576974 0.088647 0.096053
2 0.741058 0.589474 0.085537 0.234211
2 0.858865 0.620395 0.090980 0.088158
9 0.857309 0.689474 0.076983 0.021053
9 0.633748 0.652632 0.077760 0.021053
9 0.737947 0.726316 0.122862 0.021053
9 0.240280 0.733553 0.130638 0.017105
