6 0.102644 0.809868 0.073095 0.114474
3 0.234837 0.857237 0.021773 0.038158
12 0.165241 0.065789 0.067652 0.034211
0 0.555599 0.133553 0.036547 0.056579
2 0.251944 0.570395 0.161742 0.227632
0 0.183126 0.133553 0.031882 0.051316
0 0.330871 0.132895 0.031882 0.052632
0 0.516719 0.132895 0.030327 0.052632
0 0.031882 0.132237 0.034215 0.051316
0 0.070762 0.132895 0.032659 0.050000
0 0.443624 0.134211 0.031882 0.050000
5 0.847589 0.808553 0.118196 0.072368
0 0.143857 0.133553 0.032659 0.051316
0 0.218507 0.132237 0.032659 0.046053
0 0.257387 0.132895 0.034215 0.052632
0 0.368585 0.133553 0.035770 0.051316
0 0.293546 0.132895 0.030327 0.052632
2 0.761664 0.571053 0.246501 0.231579
8 0.947123 0.921053 0.055988 0.076316
0 0.405521 0.133553 0.031882 0.051316
0 0.107698 0.132895 0.030327 0.052632
13 0.240280 0.065789 0.049767 0.039474
0 0.479393 0.132895 0.030327 0.047368
3 0.319984 0.822368 0.022551 0.039474
20 0.957621 0.825000 0.030327 0.047368
14 0.348756 0.070395 0.022551 0.038158
3 0.655910 0.821053 0.024106 0.039474
14 0.289658 0.068421 0.024106 0.039474
3 0.743002 0.855263 0.024106 0.044737
7 0.041213 0.924342 0.055988 0.085526
14 0.407854 0.069079 0.025661 0.038158
3 0.403188 0.800658 0.022551 0.038158
3 0.156299 0.909211 0.021773 0.039474
3 0.492613 0.794737 0.022551 0.034211
14 0.319984 0.069079 0.022551 0.035526
16 0.478616 0.066447 0.045879 0.038158
3 0.576594 0.801316 0.022551 0.039474
14 0.375972 0.070395 0.024106 0.038158
1 0.513608 0.614474 0.118974 0.189474
9 0.482893 0.731579 0.152411 0.028947
9 0.222006 0.717105 0.216952 0.036842
9 0.777605 0.715132 0.217729 0.030263
