12 0.178460 0.069079 0.067652 0.038158
8 0.948678 0.932895 0.057543 0.073684
3 0.596812 0.804605 0.025661 0.043421
14 0.332815 0.071053 0.024883 0.039474
2 0.704899 0.563158 0.229393 0.223684
6 0.102644 0.825000 0.068429 0.110526
3 0.295490 0.828289 0.023328 0.040789
3 0.693235 0.833553 0.025661 0.046053
5 0.851089 0.806579 0.114308 0.076316
13 0.255054 0.067763 0.054432 0.040789
0 0.109253 0.136842 0.030327 0.052632
3 0.395412 0.799342 0.020995 0.035526
0 0.258165 0.137500 0.035770 0.056579
3 0.202177 0.870395 0.024883 0.040789
14 0.363919 0.069737 0.024883 0.039474
14 0.304821 0.070395 0.023328 0.038158
0 0.294323 0.135526 0.034992 0.055263
0 0.145412 0.138158 0.035770 0.055263
35 0.479782 0.385526 0.160187 0.100000
0 0.221617 0.138158 0.037325 0.052632
16 0.491058 0.071711 0.047434 0.046053
0 0.370140 0.132237 0.032659 0.056579
1 0.214619 0.603289 0.166407 0.209211
7 0.042768 0.930263 0.055988 0.081579
0 0.071540 0.136184 0.032659 0.053947
0 0.181960 0.138158 0.035770 0.050000
9 0.245334 0.723026 0.123639 0.022368
0 0.034215 0.139474 0.032659 0.047368
0 0.331649 0.133553 0.028771 0.051316
20 0.958398 0.830921 0.027216 0.048684
0 0.407076 0.132237 0.034992 0.056579
35 0.480560 0.516447 0.161742 0.143421
35 0.479393 0.642763 0.162519 0.093421
35 0.479782 0.748026 0.164852 0.093421
9 0.712675 0.713158 0.244946 0.018421
