0 0.031672 0.121875 0.033229 0.049107
0 0.069834 0.120536 0.028557 0.050000
5 0.070613 0.825893 0.141225 0.080357
0 0.107736 0.120536 0.036864 0.051786
0 0.145898 0.118750 0.031153 0.053571
12 0.175753 0.053125 0.063863 0.038393
0 0.181724 0.117857 0.035306 0.057143
0 0.218069 0.118304 0.029076 0.054464
13 0.252336 0.053125 0.046729 0.040179
0 0.255192 0.118750 0.033749 0.055357
0 0.291537 0.116964 0.033749 0.053571
14 0.301142 0.056250 0.026999 0.042857
14 0.332555 0.054911 0.023364 0.040179
41 0.346573 0.883482 0.043094 0.074107
14 0.362669 0.055804 0.025441 0.041964
16 0.489356 0.056696 0.043094 0.049107
40 0.364746 0.710268 0.028557 0.049107
