0 0.031672 0.119196 0.036345 0.054464
0 0.070353 0.120089 0.031672 0.054464
5 0.071132 0.827679 0.136033 0.075000
12 0.164330 0.055357 0.064901 0.041071
13 0.240914 0.054911 0.050883 0.041964
14 0.288681 0.057589 0.023884 0.041964
14 0.318276 0.058482 0.024922 0.043750
41 0.347612 0.693750 0.043094 0.071429
14 0.348910 0.058482 0.028037 0.047321
41 0.428349 0.852232 0.044652 0.074107
41 0.437695 0.948214 0.044652 0.071429
16 0.475078 0.056696 0.040498 0.047321
40 0.347871 0.545536 0.036345 0.051786
