12 0.179627 0.069079 0.069984 0.038158
8 0.947900 0.928289 0.057543 0.072368
3 0.445179 0.802632 0.022551 0.039474
14 0.332426 0.071053 0.024106 0.039474
6 0.103033 0.824342 0.067652 0.109211
3 0.340202 0.826316 0.022551 0.039474
0 0.258165 0.136184 0.034215 0.056579
3 0.549378 0.809211 0.025661 0.044737
0 0.220840 0.135526 0.035770 0.052632
2 0.799767 0.562500 0.098756 0.177632
0 0.294712 0.135526 0.034215 0.057895
5 0.849145 0.807895 0.118196 0.076316
9 0.798989 0.689474 0.171851 0.034211
0 0.145412 0.137500 0.034215 0.053947
13 0.256221 0.067105 0.053655 0.039474
16 0.491835 0.069737 0.045879 0.044737
0 0.108476 0.136842 0.030327 0.052632
14 0.362753 0.068421 0.024106 0.039474
3 0.247667 0.864474 0.022551 0.039474
1 0.241058 0.602632 0.116641 0.207895
14 0.303655 0.070395 0.022551 0.038158
9 0.246501 0.721053 0.124417 0.021053
0 0.181960 0.138158 0.035770 0.050000
0 0.368974 0.130263 0.030327 0.057895
7 0.041991 0.928289 0.055988 0.082895
0 0.405910 0.130263 0.032659 0.057895
3 0.646190 0.834211 0.026439 0.050000
0 0.442846 0.133553 0.030327 0.056579
0 0.332037 0.133553 0.027994 0.051316
0 0.033826 0.140132 0.031882 0.046053
0 0.071151 0.135526 0.031882 0.052632
2 0.519829 0.600000 0.053655 0.084211
20 0.958009 0.829605 0.027994 0.051316
9 0.518274 0.701974 0.081649 0.019737
