12 0.177683 0.068421 0.067652 0.034211
5 0.847978 0.808553 0.111198 0.069737
16 0.490280 0.070395 0.047434 0.040789
1 0.213841 0.602632 0.161742 0.200000
13 0.256221 0.069079 0.053655 0.038158
7 0.041991 0.926974 0.055988 0.082895
2 0.794323 0.605921 0.083204 0.177632
6 0.101477 0.827632 0.067652 0.113158
3 0.339425 0.827632 0.022551 0.039474
14 0.333204 0.071053 0.025661 0.039474
2 0.625583 0.552632 0.098756 0.257895
14 0.364308 0.072368 0.025661 0.039474
0 0.069596 0.133553 0.030327 0.051316
8 0.947900 0.926974 0.057543 0.077632
0 0.220840 0.133553 0.035770 0.046053
0 0.293935 0.132895 0.034215 0.052632
0 0.108476 0.134211 0.031882 0.050000
3 0.246890 0.864474 0.022551 0.039474
0 0.031882 0.134211 0.034215 0.050000
0 0.257387 0.133553 0.034215 0.051316
9 0.804044 0.722368 0.147745 0.031579
0 0.143857 0.135526 0.035770 0.052632
0 0.180404 0.133553 0.034215 0.046053
3 0.445179 0.751316 0.024106 0.039474
34 0.498834 0.867105 0.118974 0.252632
15 0.303655 0.075000 0.024106 0.034211
9 0.246890 0.726974 0.118974 0.019737
9 0.638414 0.717105 0.135303 0.023684
