12 0.166019 0.065789 0.067652 0.034211
1 0.238725 0.613158 0.116641 0.184211
0 0.330871 0.132895 0.031882 0.052632
3 0.445179 0.796053 0.024106 0.039474
13 0.241446 0.065132 0.053655 0.038158
0 0.368585 0.131579 0.035770 0.052632
0 0.443624 0.134211 0.031882 0.052632
3 0.246501 0.846053 0.020218 0.034211
3 0.644246 0.813816 0.025661 0.040789
0 0.071540 0.134211 0.034215 0.052632
20 0.957232 0.827632 0.026439 0.044737
14 0.291991 0.069079 0.024106 0.038158
7 0.040435 0.927632 0.055988 0.084211
0 0.293935 0.134211 0.029549 0.057895
3 0.340980 0.815789 0.025661 0.039474
5 0.848756 0.808553 0.120529 0.075000
6 0.103033 0.808553 0.069207 0.109211
0 0.143079 0.133553 0.034215 0.056579
0 0.183515 0.134868 0.034215 0.059211
0 0.032659 0.134211 0.034215 0.052632
8 0.947123 0.928289 0.059098 0.069737
0 0.404743 0.130263 0.031882 0.052632
3 0.549378 0.800000 0.025661 0.039474
0 0.219285 0.132237 0.034215 0.046053
14 0.319207 0.069079 0.022551 0.038158
14 0.348756 0.065789 0.025661 0.039474
16 0.477838 0.063816 0.045879 0.040789
0 0.107698 0.132895 0.030327 0.052632
0 0.480949 0.130921 0.030327 0.046053
3 0.726672 0.844737 0.025661 0.044737
9 0.240669 0.727632 0.136081 0.021053
0 0.256610 0.132895 0.035770 0.052632
2 0.523328 0.607895 0.132193 0.115789
2 0.680793 0.598684 0.140747 0.121053
2 0.851866 0.626974 0.126750 0.114474
3 0.169518 0.894079 0.026439 0.035526
9 0.833981 0.711184 0.151633 0.035526
9 0.668740 0.684211 0.155521 0.031579
