12 0.165630 0.069737 0.065319 0.034211
0 0.072317 0.136842 0.034215 0.052632
8 0.948678 0.926974 0.055988 0.075000
7 0.041991 0.924342 0.059098 0.085526
15 0.349922 0.073684 0.026439 0.039474
13 0.241446 0.070395 0.045879 0.035526
9 0.236392 0.727632 0.132193 0.021053
0 0.146190 0.135526 0.032659 0.052632
15 0.321540 0.073026 0.024106 0.038158
3 0.444012 0.794079 0.021773 0.035526
0 0.184681 0.132895 0.031882 0.052632
0 0.219285 0.132895 0.032659 0.047368
2 0.755443 0.646053 0.150078 0.121053
5 0.850311 0.807237 0.111198 0.077632
0 0.032659 0.134211 0.035770 0.052632
0 0.108476 0.134868 0.030327 0.056579
20 0.959176 0.826316 0.030327 0.047368
0 0.258165 0.132895 0.032659 0.052632
16 0.478616 0.071711 0.045879 0.040789
6 0.102644 0.812500 0.071540 0.109211
14 0.291991 0.073684 0.025661 0.039474
9 0.748056 0.734868 0.166407 0.017105
1 0.241058 0.618421 0.104199 0.178947
