12 0.177683 0.067105 0.067652 0.034211
5 0.848756 0.807895 0.112753 0.071053
7 0.039658 0.927632 0.055988 0.084211
3 0.443624 0.802632 0.022551 0.039474
1 0.213841 0.602632 0.161742 0.200000
16 0.490280 0.069737 0.047434 0.039474
13 0.256221 0.069079 0.055210 0.038158
3 0.339425 0.827632 0.022551 0.039474
14 0.333204 0.071053 0.025661 0.039474
8 0.945568 0.922368 0.055988 0.084211
14 0.364308 0.071053 0.025661 0.039474
2 0.797823 0.608553 0.079316 0.177632
6 0.100700 0.823026 0.067652 0.109211
3 0.644246 0.831579 0.024106 0.039474
0 0.069596 0.133553 0.030327 0.051316
0 0.293935 0.132895 0.034215 0.052632
0 0.220840 0.133553 0.035770 0.046053
9 0.239114 0.721053 0.112753 0.021053
3 0.246890 0.865132 0.022551 0.038158
0 0.106921 0.134211 0.030327 0.050000
0 0.031882 0.134868 0.034215 0.046053
0 0.256610 0.133553 0.034215 0.051316
0 0.142302 0.133553 0.035770 0.051316
0 0.179627 0.133553 0.034215 0.046053
2 0.622862 0.496053 0.102644 0.144737
9 0.805599 0.723026 0.147745 0.027632
3 0.545879 0.803947 0.020218 0.034211
15 0.302100 0.076316 0.024106 0.039474
35 0.636081 0.615132 0.161742 0.101316
9 0.638025 0.714474 0.136081 0.021053
