12 0.177683 0.068421 0.067652 0.034211
14 0.331649 0.071053 0.024106 0.039474
14 0.362753 0.071053 0.024106 0.039474
0 0.220062 0.138158 0.034215 0.050000
13 0.256610 0.067105 0.055988 0.039474
0 0.293935 0.133553 0.034215 0.056579
0 0.146190 0.138158 0.034215 0.050000
0 0.256998 0.134868 0.031882 0.056579
0 0.069596 0.134211 0.030327 0.052632
0 0.370529 0.134211 0.031882 0.057895
21 0.300933 0.278289 0.539658 0.096053
0 0.106921 0.134211 0.030327 0.050000
14 0.303655 0.069737 0.022551 0.034211
0 0.033826 0.138816 0.031882 0.046053
16 0.492613 0.070395 0.047434 0.040789
0 0.180404 0.134868 0.034215 0.046053
0 0.404743 0.133553 0.031882 0.056579
0 0.443235 0.132895 0.029549 0.052632
0 0.331260 0.134211 0.027994 0.050000
0 0.480560 0.134211 0.034215 0.050000
0 0.022162 0.077632 0.030327 0.050000
14 0.480560 0.134211 0.034215 0.050000
35 0.862753 0.215789 0.162519 0.076316
37 0.654355 0.705921 0.461120 0.067105
37 0.653577 0.776974 0.459565 0.056579
37 0.653577 0.850658 0.456454 0.061842
