0 0.031412 0.121429 0.033749 0.050000
0 0.069834 0.120536 0.029595 0.051786
5 0.070093 0.826339 0.140186 0.077679
0 0.107996 0.120089 0.037383 0.052679
0 0.146158 0.119196 0.031672 0.054464
12 0.175493 0.053125 0.064382 0.038393
0 0.182243 0.118750 0.034268 0.057143
0 0.217809 0.117857 0.029595 0.055357
13 0.252077 0.053125 0.047248 0.040179
0 0.255452 0.118750 0.034268 0.055357
40 0.281931 0.666071 0.026999 0.051786
0 0.291537 0.116518 0.032710 0.049107
14 0.301142 0.056250 0.026999 0.042857
14 0.332555 0.054911 0.023364 0.040179
41 0.348390 0.837500 0.040498 0.073214
14 0.362669 0.055804 0.025441 0.041964
40 0.433541 0.683929 0.038422 0.067857
16 0.491433 0.057143 0.047248 0.050000
40 0.345794 0.712500 0.024922 0.062500
