6 0.101866 0.807895 0.071540 0.110526
12 0.165241 0.064474 0.067652 0.034211
0 0.555599 0.133553 0.036547 0.056579
0 0.182348 0.133553 0.031882 0.051316
0 0.330871 0.132895 0.031882 0.052632
0 0.031104 0.132237 0.034215 0.051316
0 0.293546 0.132895 0.030327 0.052632
34 0.500778 0.878289 0.102644 0.235526
0 0.443624 0.134211 0.031882 0.050000
0 0.144635 0.133553 0.034215 0.051316
0 0.516719 0.132895 0.030327 0.052632
0 0.071151 0.132895 0.031882 0.050000
2 0.756610 0.563816 0.244168 0.240789
0 0.218118 0.132237 0.031882 0.046053
0 0.255832 0.132895 0.034215 0.052632
0 0.368585 0.132895 0.035770 0.050000
0 0.405521 0.132895 0.031882 0.050000
13 0.239502 0.065132 0.049767 0.038158
3 0.326205 0.821711 0.022551 0.038158
0 0.106921 0.132895 0.030327 0.052632
0 0.479393 0.132895 0.030327 0.047368
20 0.957621 0.826316 0.030327 0.050000
3 0.246501 0.848684 0.021773 0.039474
14 0.289658 0.068421 0.024106 0.039474
14 0.349145 0.070395 0.021773 0.038158
5 0.847978 0.807895 0.118974 0.071053
9 0.774883 0.710526 0.216952 0.021053
3 0.407854 0.807237 0.022551 0.035526
3 0.177683 0.883553 0.022551 0.038158
3 0.793935 0.864474 0.020218 0.034211
9 0.225117 0.713816 0.224728 0.019737
14 0.319984 0.069079 0.022551 0.035526
3 0.115086 0.926316 0.020218 0.034211
9 0.486392 0.730921 0.156299 0.027632
14 0.375972 0.069079 0.022551 0.035526
16 0.477838 0.066447 0.045879 0.035526
14 0.407854 0.069079 0.025661 0.038158
3 0.732893 0.840132 0.022551 0.038158
3 0.581260 0.802632 0.016330 0.031579
2 0.259720 0.563816 0.174184 0.251316
1 0.515163 0.611184 0.112753 0.190789
3 0.454121 0.773684 0.020218 0.039474
8 0.950622 0.934211 0.055210 0.073684
7 0.041991 0.926316 0.059098 0.086842
