12 0.163686 0.064474 0.067652 0.034211
34 0.498445 0.876974 0.102644 0.232895
0 0.181571 0.133553 0.031882 0.051316
6 0.102644 0.809211 0.073095 0.113158
2 0.248834 0.564474 0.153966 0.244737
0 0.554432 0.133553 0.035770 0.056579
0 0.030327 0.132237 0.034215 0.051316
0 0.329316 0.132895 0.031882 0.052632
0 0.443624 0.134211 0.031882 0.050000
0 0.291991 0.132895 0.030327 0.052632
0 0.516719 0.128947 0.030327 0.052632
0 0.144635 0.133553 0.034215 0.051316
0 0.071151 0.132895 0.031882 0.050000
0 0.368585 0.133553 0.035770 0.051316
0 0.217341 0.129605 0.031882 0.046053
2 0.754277 0.561842 0.241058 0.239474
0 0.254277 0.132895 0.034215 0.052632
0 0.403966 0.133553 0.031882 0.051316
0 0.477838 0.130921 0.030327 0.046053
14 0.349145 0.068421 0.021773 0.034211
0 0.106921 0.132895 0.030327 0.052632
13 0.240280 0.064474 0.051322 0.034211
20 0.955288 0.826316 0.030327 0.050000
14 0.289658 0.065789 0.024106 0.039474
14 0.407854 0.069079 0.025661 0.038158
5 0.846812 0.809211 0.118196 0.071053
3 0.178072 0.884211 0.021773 0.039474
16 0.478616 0.064474 0.047434 0.034211
14 0.318429 0.065789 0.022551 0.034211
14 0.374417 0.070395 0.024106 0.038158
3 0.457232 0.771711 0.021773 0.032895
1 0.510109 0.613816 0.116641 0.188158
8 0.949456 0.934211 0.055988 0.081579
7 0.044712 0.926316 0.053655 0.084211
3 0.583204 0.808553 0.018663 0.038158
3 0.666019 0.825658 0.022551 0.035526
3 0.738725 0.844079 0.021773 0.035526
3 0.797823 0.871711 0.020218 0.038158
3 0.326983 0.827632 0.022551 0.028947
3 0.246890 0.852632 0.024106 0.039474
3 0.118585 0.929605 0.024106 0.025000
9 0.774106 0.717763 0.221617 0.030263
9 0.220451 0.713816 0.224728 0.040789
9 0.481337 0.728289 0.143079 0.032895
