0 0.031153 0.121875 0.032191 0.050893
5 0.069834 0.827679 0.139668 0.076786
0 0.070093 0.122321 0.035306 0.051786
0 0.107736 0.120982 0.031672 0.058036
0 0.147456 0.123214 0.039460 0.057143
12 0.176272 0.053125 0.063863 0.040179
0 0.182503 0.121429 0.030633 0.055357
0 0.219107 0.121429 0.034268 0.051786
13 0.254673 0.054018 0.054517 0.043750
14 0.304517 0.054911 0.021288 0.041964
14 0.332814 0.056696 0.025961 0.043750
15 0.362669 0.057589 0.026480 0.043750
40 0.480530 0.757143 0.033749 0.058929
16 0.489875 0.055804 0.046210 0.049107
41 0.493250 0.883929 0.040498 0.069643
44 0.434579 0.791071 0.047767 0.064286
