0 0.031931 0.120089 0.036864 0.054464
0 0.069574 0.119643 0.034268 0.050000
5 0.070093 0.826786 0.140186 0.075000
0 0.107996 0.118750 0.033229 0.050000
0 0.146417 0.118750 0.032191 0.051786
12 0.161994 0.052679 0.061267 0.039286
0 0.181205 0.118750 0.031153 0.055357
0 0.217809 0.120089 0.029595 0.052679
13 0.240135 0.052679 0.052440 0.039286
0 0.255192 0.119196 0.031672 0.058036
14 0.290239 0.056250 0.025961 0.042857
0 0.294133 0.120982 0.034787 0.052679
14 0.320093 0.057589 0.025441 0.043750
14 0.350727 0.056696 0.025441 0.043750
16 0.477414 0.057143 0.047248 0.046429
40 0.501558 0.687500 0.028037 0.073214
40 0.569834 0.695089 0.032710 0.058036
40 0.617861 0.726339 0.032191 0.063393
41 0.547767 0.868750 0.043614 0.076786
