0 0.031153 0.119196 0.037383 0.054464
0 0.069315 0.120089 0.033749 0.050893
0 0.107736 0.118304 0.033749 0.050893
0 0.146417 0.118304 0.032191 0.052679
12 0.162513 0.052232 0.063344 0.038393
0 0.181724 0.117411 0.030114 0.054464
0 0.218328 0.119643 0.028557 0.053571
13 0.241173 0.052679 0.054517 0.039286
0 0.255192 0.119196 0.031672 0.058036
14 0.290239 0.056250 0.024922 0.042857
0 0.294133 0.120982 0.034787 0.052679
14 0.319574 0.057589 0.025441 0.043750
14 0.350208 0.056250 0.025441 0.042857
16 0.477934 0.056250 0.045171 0.044643
40 0.289720 0.697321 0.025961 0.050000
40 0.545950 0.676786 0.024403 0.048214
40 0.686397 0.684821 0.026999 0.044643
