0 0.031672 0.124107 0.035306 0.053571
0 0.071391 0.122321 0.034787 0.055357
0 0.109813 0.123661 0.033749 0.058036
0 0.145379 0.124107 0.036345 0.057143
12 0.177570 0.055357 0.067497 0.039286
13 0.254933 0.055357 0.051921 0.039286
14 0.303219 0.056250 0.024922 0.041071
14 0.333333 0.056250 0.022845 0.039286
15 0.362409 0.057143 0.024922 0.041071
16 0.487279 0.055804 0.039979 0.041964
38 0.416926 0.356250 0.102804 0.112500
38 0.571651 0.357589 0.103842 0.111607
38 0.416147 0.598214 0.104361 0.116071
38 0.572690 0.596875 0.101765 0.111607
38 0.415369 0.775446 0.103842 0.113393
38 0.571132 0.775893 0.100727 0.108929
