2 0.734837 0.576974 0.144635 0.240789
12 0.177294 0.064474 0.069984 0.034211
8 0.947900 0.921053 0.059098 0.078947
7 0.041213 0.924342 0.055988 0.085526
6 0.101477 0.825658 0.067652 0.109211
0 0.218507 0.130263 0.034215 0.052632
1 0.215008 0.598684 0.164075 0.202632
35 0.537714 0.601974 0.164075 0.127632
13 0.255832 0.065132 0.055988 0.035526
0 0.067263 0.132895 0.031882 0.052632
5 0.848367 0.805263 0.108865 0.071053
0 0.141913 0.130263 0.031882 0.052632
0 0.256221 0.133553 0.030327 0.051316
3 0.444401 0.798684 0.022551 0.039474
0 0.105754 0.132895 0.034215 0.052632
0 0.179627 0.129605 0.034215 0.051316
16 0.488336 0.070395 0.048212 0.040789
3 0.339425 0.823026 0.022551 0.038158
9 0.246112 0.719079 0.125194 0.025000
3 0.547823 0.807895 0.022551 0.039474
0 0.030327 0.132237 0.034215 0.051316
3 0.244946 0.863816 0.021773 0.038158
14 0.301322 0.070395 0.024106 0.038158
3 0.641913 0.831579 0.024106 0.039474
9 0.734448 0.725000 0.162519 0.015789
14 0.331649 0.070395 0.022551 0.038158
14 0.360809 0.069737 0.026439 0.039474
