0 0.029855 0.117857 0.036864 0.053571
0 0.069055 0.120089 0.034268 0.052679
5 0.069834 0.825000 0.139668 0.078571
0 0.107736 0.120536 0.034787 0.051786
0 0.146417 0.118304 0.032191 0.054464
12 0.162513 0.052232 0.063344 0.040179
0 0.181205 0.117857 0.029076 0.053571
13 0.240654 0.053125 0.054517 0.043750
14 0.289200 0.056696 0.024922 0.041964
14 0.318017 0.058036 0.024403 0.046429
14 0.348910 0.056696 0.026999 0.045536
16 0.477934 0.056250 0.047248 0.050000
45 0.873572 0.482143 0.210280 0.444643
