5 0.498834 0.576316 0.151633 0.071053
0 0.069596 0.134211 0.030327 0.050000
12 0.167574 0.070395 0.069207 0.038158
0 0.368974 0.134211 0.031882 0.050000
0 0.590980 0.133553 0.034215 0.051316
0 0.332037 0.133553 0.035770 0.051316
0 0.257387 0.132895 0.034215 0.052632
0 0.181571 0.133553 0.031882 0.056579
0 0.293935 0.132895 0.034215 0.052632
0 0.220840 0.134211 0.035770 0.052632
14 0.321540 0.071711 0.024106 0.038158
0 0.445179 0.133553 0.031882 0.051316
3 0.445179 0.797368 0.022551 0.039474
0 0.144246 0.133553 0.031882 0.056579
0 0.108865 0.133553 0.034215 0.051316
0 0.480949 0.134211 0.030327 0.052632
0 0.520607 0.133553 0.038103 0.051316
0 0.407854 0.132895 0.031882 0.052632
3 0.646579 0.821053 0.024106 0.039474
7 0.043546 0.926974 0.057543 0.088158
8 0.947512 0.923684 0.059876 0.084211
14 0.351089 0.071711 0.024106 0.038158
0 0.557932 0.134211 0.031882 0.050000
6 0.102644 0.815132 0.073095 0.114474
0 0.031882 0.132895 0.035770 0.052632
13 0.246501 0.065789 0.055988 0.039474
3 0.550156 0.807895 0.024106 0.039474
3 0.340980 0.821711 0.022551 0.038158
3 0.248445 0.848684 0.024106 0.039474
0 0.630249 0.133553 0.031882 0.051316
3 0.165630 0.889474 0.021773 0.034211
17 0.535770 0.071053 0.041991 0.039474
3 0.729005 0.846053 0.022551 0.034211
21 0.498445 0.201316 0.311042 0.039474
20 0.957232 0.829605 0.026439 0.046053
15 0.291991 0.072368 0.025661 0.034211
16 0.481726 0.072368 0.038103 0.034211
