12 0.181571 0.071711 0.069207 0.032895
14 0.335537 0.075000 0.025661 0.039474
0 0.033437 0.140132 0.032659 0.051316
5 0.071540 0.828289 0.143079 0.072368
17 0.549767 0.073684 0.043546 0.039474
16 0.492613 0.073026 0.045879 0.038158
3 0.455288 0.197368 0.024106 0.039474
13 0.257776 0.071053 0.052100 0.034211
3 0.309098 0.200658 0.025661 0.040789
3 0.601477 0.200658 0.024106 0.038158
14 0.305988 0.075658 0.022551 0.035526
0 0.070373 0.136184 0.030327 0.056579
0 0.108087 0.133553 0.027994 0.053947
3 0.162131 0.198684 0.025661 0.039474
3 0.309487 0.569737 0.029549 0.039474
3 0.162131 0.570395 0.024106 0.035526
3 0.748445 0.201974 0.025661 0.038158
0 0.145801 0.136842 0.031882 0.052632
0 0.184681 0.134211 0.024106 0.050000
0 0.220840 0.140132 0.027994 0.051316
0 0.258942 0.139474 0.029549 0.050000
0 0.295879 0.135526 0.031882 0.050000
0 0.330871 0.135526 0.030327 0.044737
0 0.370529 0.134868 0.030327 0.056579
27 0.220062 0.488816 0.048212 0.027632
27 0.363530 0.489474 0.045879 0.034211
27 0.509720 0.488816 0.045879 0.027632
27 0.655132 0.489474 0.044323 0.034211
27 0.804821 0.492763 0.048212 0.027632
27 0.215397 0.859211 0.048212 0.028947
27 0.367807 0.859211 0.048212 0.031579
0 0.520218 0.640132 0.029549 0.064474
0 0.596423 0.644079 0.032659 0.053947
0 0.676516 0.640132 0.035770 0.059211
27 0.522162 0.701974 0.053655 0.027632
27 0.601477 0.705263 0.052100 0.034211
27 0.678849 0.702632 0.049767 0.031579
14 0.520607 0.821711 0.024106 0.038158
14 0.597201 0.821053 0.027994 0.050000
14 0.672628 0.821053 0.026439 0.050000
27 0.517496 0.878289 0.044323 0.038158
27 0.596812 0.874342 0.045879 0.035526
27 0.674961 0.877632 0.049767 0.034211
28 0.809876 0.695395 0.120529 0.272368
27 0.807543 0.857895 0.047434 0.034211
34 0.217341 0.326316 0.117418 0.278947
34 0.363919 0.322368 0.119751 0.273684
34 0.508554 0.322368 0.116641 0.271053
34 0.655521 0.325000 0.116641 0.278947
34 0.802100 0.324342 0.117418 0.275000
34 0.215008 0.696053 0.115863 0.273684
34 0.361198 0.696711 0.114308 0.288158
