12 0.167185 0.072368 0.066874 0.034211
17 0.538103 0.073684 0.045101 0.042105
0 0.073095 0.136184 0.029549 0.048684
0 0.034603 0.136842 0.038103 0.055263
0 0.109253 0.137500 0.031882 0.046053
13 0.244168 0.073026 0.051322 0.038158
16 0.480171 0.073684 0.047434 0.042105
0 0.145801 0.137500 0.031882 0.053947
0 0.185459 0.136842 0.033437 0.057895
21 0.302877 0.281579 0.554432 0.094737
14 0.291991 0.076974 0.022551 0.043421
14 0.323872 0.078289 0.025661 0.046053
15 0.352255 0.073684 0.021773 0.039474
5 0.653966 0.776974 0.454121 0.067105
5 0.653966 0.849342 0.458787 0.059211
