12 0.166019 0.068421 0.066096 0.036842
0 0.072317 0.133553 0.032659 0.051316
3 0.693624 0.833553 0.023328 0.038158
3 0.397745 0.798026 0.022551 0.038158
3 0.497667 0.789474 0.023328 0.039474
5 0.498056 0.576316 0.151633 0.071053
8 0.948289 0.926316 0.058320 0.078947
0 0.145412 0.135526 0.034215 0.052632
20 0.958398 0.827632 0.030327 0.044737
3 0.295879 0.826974 0.020995 0.038158
0 0.405910 0.132237 0.034215 0.051316
0 0.219673 0.132895 0.031882 0.047368
0 0.293935 0.134211 0.029549 0.052632
0 0.108087 0.133553 0.031104 0.053947
0 0.184292 0.133553 0.032659 0.051316
0 0.032271 0.132895 0.036547 0.052632
13 0.240669 0.067763 0.047434 0.038158
16 0.479393 0.072368 0.045879 0.042105
0 0.369362 0.133553 0.035770 0.051316
14 0.291602 0.069737 0.023328 0.036842
7 0.042768 0.925658 0.055988 0.085526
0 0.257776 0.133553 0.034992 0.051316
0 0.330871 0.132895 0.033437 0.052632
3 0.598756 0.803289 0.023328 0.038158
3 0.201788 0.869737 0.022551 0.036842
6 0.104199 0.814474 0.071540 0.113158
15 0.323095 0.073026 0.022551 0.038158
14 0.351866 0.075658 0.025661 0.035526
21 0.499611 0.204605 0.192068 0.035526
