12 0.166019 0.068421 0.069207 0.034211
0 0.183904 0.132895 0.031882 0.052632
14 0.319984 0.069737 0.022551 0.034211
0 0.331260 0.132237 0.035770 0.046053
0 0.407854 0.132895 0.031882 0.052632
0 0.369751 0.133553 0.031882 0.051316
14 0.291991 0.068421 0.022551 0.034211
13 0.243002 0.069079 0.053655 0.038158
0 0.217729 0.134211 0.034215 0.052632
0 0.108865 0.133553 0.035770 0.051316
0 0.069596 0.134211 0.030327 0.050000
14 0.351089 0.069737 0.024106 0.034211
0 0.144246 0.132895 0.031882 0.052632
0 0.257776 0.134211 0.031882 0.052632
0 0.478616 0.132895 0.030327 0.052632
0 0.031882 0.132895 0.035770 0.052632
0 0.519051 0.136842 0.038103 0.052632
0 0.592924 0.134211 0.031882 0.050000
17 0.535770 0.067105 0.041991 0.039474
0 0.293935 0.134211 0.034215 0.052632
0 0.443624 0.134211 0.031882 0.052632
0 0.557932 0.133553 0.030327 0.051316
0 0.632582 0.134868 0.031882 0.051316
5 0.414075 0.389474 0.104977 0.157895
5 0.572317 0.388158 0.108865 0.152632
5 0.494557 0.621711 0.102644 0.159211
16 0.480949 0.071053 0.039658 0.031579
