17 0.537325 0.074342 0.046656 0.040789
13 0.239502 0.074342 0.041991 0.038158
12 0.167963 0.073684 0.066874 0.036842
21 0.501555 0.293421 0.491446 0.121053
5 0.498445 0.815132 0.147745 0.069737
4 0.500000 0.513816 0.108865 0.146053
0 0.034215 0.139474 0.037325 0.057895
15 0.322317 0.075000 0.024106 0.039474
15 0.351866 0.074342 0.025661 0.038158
15 0.293157 0.074342 0.024883 0.035526
3 0.270607 0.441447 0.024883 0.040789
4 0.324261 0.514474 0.094868 0.142105
3 0.449067 0.443421 0.024106 0.039474
3 0.623639 0.440789 0.023328 0.034211
4 0.677683 0.515789 0.101866 0.152632
