19 0.615863 0.882895 0.068429 0.118421
4 0.452955 0.871711 0.080093 0.125000
3 0.799378 0.873684 0.021773 0.036842
17 0.536936 0.071711 0.044323 0.046053
12 0.166796 0.069737 0.069207 0.036842
0 0.445568 0.136842 0.034215 0.055263
0 0.371306 0.136842 0.033437 0.052632
4 0.369362 0.882237 0.068429 0.127632
4 0.289269 0.903289 0.071540 0.132895
4 0.217341 0.925000 0.064541 0.123684
6 0.102644 0.815789 0.069984 0.113158
1 0.241446 0.621053 0.118974 0.181579
4 0.154743 0.948026 0.059098 0.098684
0 0.259720 0.138816 0.034215 0.056579
13 0.245723 0.069079 0.054432 0.040789
0 0.072706 0.139474 0.031882 0.052632
7 0.043546 0.932237 0.057543 0.088158
0 0.333204 0.136842 0.038103 0.052632
19 0.689736 0.900000 0.063764 0.126316
0 0.295101 0.136184 0.034992 0.056579
14 0.322317 0.071053 0.024106 0.039474
0 0.184681 0.137500 0.033437 0.059211
0 0.409798 0.135526 0.032659 0.055263
9 0.632193 0.655263 0.091757 0.018421
0 0.146190 0.136184 0.032659 0.056579
3 0.664463 0.825000 0.020995 0.034211
0 0.222006 0.138816 0.036547 0.056579
3 0.583204 0.807895 0.021773 0.036842
3 0.246501 0.856579 0.018663 0.034211
9 0.737947 0.726974 0.124417 0.022368
0 0.034603 0.138158 0.036547 0.057895
5 0.850311 0.809211 0.114308 0.076316
0 0.109253 0.138158 0.034992 0.052632
3 0.327372 0.828289 0.024883 0.040789
14 0.352255 0.071711 0.024883 0.038158
3 0.736781 0.846053 0.022551 0.034211
8 0.950233 0.932237 0.057543 0.080263
3 0.408243 0.812500 0.023328 0.038158
9 0.239502 0.730263 0.136858 0.023684
3 0.501166 0.806579 0.022551 0.034211
16 0.479005 0.072368 0.045101 0.044737
3 0.176905 0.891447 0.020995 0.035526
18 0.825816 0.715789 0.020218 0.028947
9 0.853033 0.687500 0.091757 0.019737
3 0.115863 0.930921 0.021773 0.035526
0 0.025272 0.079605 0.033437 0.048684
32 0.632193 0.497368 0.035770 0.060526
2 0.630638 0.584868 0.094868 0.106579
2 0.856921 0.611842 0.088647 0.102632
2 0.748445 0.593421 0.084759 0.226316
32 0.857309 0.534211 0.038103 0.065789
33 0.739891 0.410526 0.044323 0.052632
18 0.603033 0.683553 0.017885 0.027632
4 0.535770 0.869079 0.069984 0.111842
4 0.753499 0.915789 0.066874 0.107895
19 0.829316 0.948026 0.087869 0.101316
