12 0.181960 0.073026 0.069984 0.032895
14 0.335537 0.075658 0.025661 0.040789
4 0.656687 0.271711 0.106532 0.153947
0 0.034603 0.140132 0.033437 0.051316
5 0.071928 0.830263 0.143856 0.073684
17 0.550156 0.075000 0.044323 0.039474
4 0.511275 0.276316 0.109642 0.150000
16 0.492613 0.074342 0.045879 0.038158
4 0.214619 0.646053 0.107309 0.150000
3 0.455677 0.198684 0.024883 0.039474
13 0.258942 0.072368 0.052877 0.034211
4 0.801711 0.276974 0.108865 0.148684
3 0.309098 0.201316 0.025661 0.042105
3 0.602255 0.200658 0.024106 0.038158
14 0.305988 0.076316 0.022551 0.036842
4 0.215397 0.273684 0.107309 0.152632
4 0.363142 0.646053 0.108865 0.147368
0 0.070762 0.137500 0.031104 0.056579
4 0.360809 0.275000 0.105754 0.155263
0 0.108476 0.135526 0.028771 0.055263
3 0.162131 0.199342 0.025661 0.040789
3 0.310264 0.570395 0.029549 0.040789
3 0.162131 0.572368 0.024106 0.036842
3 0.749222 0.201974 0.025661 0.038158
0 0.146190 0.138158 0.032659 0.052632
0 0.185070 0.135526 0.024883 0.050000
0 0.221229 0.141447 0.028771 0.051316
0 0.259720 0.140789 0.029549 0.050000
0 0.296656 0.136842 0.031882 0.050000
0 0.332037 0.136842 0.031104 0.044737
0 0.370529 0.136184 0.030327 0.056579
27 0.220451 0.489474 0.048989 0.028947
27 0.364308 0.490132 0.045879 0.035526
27 0.510109 0.489474 0.046656 0.028947
27 0.655521 0.489474 0.045101 0.034211
27 0.805599 0.494079 0.048212 0.027632
27 0.215397 0.861184 0.048212 0.030263
27 0.368196 0.859211 0.048989 0.031579
0 0.520218 0.642105 0.029549 0.065789
0 0.597589 0.644737 0.033437 0.055263
0 0.676905 0.642105 0.036547 0.060526
27 0.522939 0.703289 0.053655 0.027632
27 0.602255 0.705921 0.052100 0.035526
27 0.679238 0.703947 0.050544 0.031579
14 0.521384 0.821711 0.024106 0.038158
14 0.597201 0.821053 0.027994 0.050000
14 0.673406 0.822368 0.026439 0.050000
27 0.517885 0.879605 0.045101 0.038158
27 0.596812 0.875000 0.045879 0.036842
27 0.675350 0.878947 0.050544 0.034211
28 0.809876 0.696053 0.120529 0.273684
27 0.807543 0.859868 0.047434 0.035526
