0 0.034603 0.140789 0.031882 0.052632
1 0.215785 0.599342 0.165630 0.214474
2 0.572706 0.544737 0.066096 0.273684
2 0.699456 0.562500 0.062986 0.261842
2 0.816485 0.539474 0.062208 0.268421
3 0.249611 0.873684 0.024883 0.039474
3 0.342535 0.832237 0.025661 0.038158
3 0.447900 0.807237 0.023328 0.043421
3 0.551711 0.815132 0.022551 0.046053
3 0.645801 0.838158 0.024106 0.044737
4 0.299767 0.917763 0.081649 0.140789
4 0.391524 0.887500 0.087869 0.130263
4 0.495334 0.867763 0.085537 0.146053
4 0.592146 0.891447 0.076983 0.138158
4 0.692846 0.916447 0.091757 0.151316
5 0.851089 0.811184 0.106532 0.069737
6 0.102644 0.826316 0.069984 0.113158
7 0.045879 0.933553 0.055988 0.088158
8 0.951011 0.933553 0.057543 0.085526
9 0.247278 0.726974 0.125972 0.022368
9 0.577372 0.696711 0.106532 0.025000
9 0.704121 0.707237 0.103421 0.017105
9 0.821151 0.690132 0.101089 0.019737
10 0.582037 0.371053 0.039658 0.052632
11 0.703733 0.394737 0.034215 0.052632
10 0.821540 0.366447 0.033437 0.053947
12 0.180793 0.073684 0.067652 0.039474
13 0.256610 0.073026 0.045101 0.032895
14 0.306376 0.078289 0.026439 0.038158
15 0.336314 0.078947 0.025661 0.039474
16 0.489502 0.075658 0.033437 0.038158
17 0.551322 0.074342 0.040435 0.038158
18 0.536159 0.723026 0.020995 0.035526
18 0.664463 0.736184 0.022551 0.032895
18 0.781104 0.715789 0.020995 0.031579
