1 0.217341 0.602632 0.168740 0.215789
12 0.181182 0.073684 0.068429 0.039474
0 0.109253 0.138158 0.031882 0.057895
0 0.034215 0.140132 0.031104 0.048684
0 0.184681 0.138816 0.030327 0.048684
0 0.259720 0.139474 0.034215 0.060526
0 0.146579 0.136842 0.036547 0.055263
17 0.550156 0.075000 0.045879 0.042105
0 0.071540 0.139474 0.032659 0.055263
0 0.295490 0.138816 0.035770 0.051316
0 0.222006 0.138816 0.033437 0.051316
14 0.335925 0.075658 0.026439 0.040789
0 0.333204 0.139474 0.034992 0.047368
5 0.866641 0.713816 0.145412 0.111842
16 0.491835 0.075658 0.042768 0.040789
13 0.259720 0.073684 0.052877 0.036842
26 0.677683 0.634868 0.150078 0.185526
14 0.305210 0.075000 0.025661 0.034211
