10 0.959565 0.847024 0.031104 0.046429
9 0.947512 0.934524 0.061431 0.085714
6 0.438569 0.873214 0.091757 0.155952
17 0.673406 0.519048 0.034215 0.057143
8 0.293546 0.123214 0.034992 0.055952
17 0.838258 0.542262 0.035770 0.053571
4 0.682737 0.630357 0.125972 0.120238
6 0.634526 0.890476 0.085537 0.169048
13 0.452566 0.409524 0.032659 0.047619
8 0.222395 0.126190 0.032659 0.054762
11 0.850700 0.826786 0.108865 0.063095
6 0.342146 0.893452 0.096423 0.160714
8 0.145801 0.120238 0.038103 0.054762
6 0.536547 0.868452 0.096423 0.155952
6 0.739114 0.915476 0.114308 0.159524
3 0.671073 0.713690 0.160187 0.032143
0 0.039658 0.936905 0.045101 0.064286
6 0.246112 0.921429 0.100311 0.150000
2 0.229005 0.641667 0.132970 0.180952
8 0.106921 0.123810 0.034992 0.047619
8 0.182737 0.119048 0.029549 0.052381
8 0.370529 0.123214 0.036547 0.051190
8 0.408243 0.124405 0.032659 0.044048
8 0.445956 0.124405 0.033437 0.046429
4 0.849922 0.669048 0.132193 0.107143
8 0.332815 0.124405 0.032659 0.048810
1 0.102644 0.839881 0.071540 0.098810
20 0.295490 0.067262 0.026439 0.036905
3 0.839813 0.744048 0.139969 0.023810
8 0.258942 0.123810 0.027994 0.050000
4 0.521384 0.646429 0.115863 0.114286
7 0.780327 0.765476 0.025661 0.035714
20 0.326205 0.067262 0.024106 0.036905
8 0.071928 0.124405 0.030327 0.041667
8 0.033048 0.125595 0.031882 0.039286
7 0.614697 0.737500 0.024106 0.027381
22 0.524883 0.534524 0.034215 0.040476
7 0.196345 0.773810 0.027216 0.035714
20 0.355754 0.066667 0.022551 0.035714
3 0.245334 0.751786 0.129860 0.015476
