11 0.850700 0.826190 0.107309 0.061905
6 0.587092 0.894048 0.087092 0.164286
6 0.386081 0.896429 0.097201 0.154762
6 0.488725 0.877381 0.097201 0.154762
6 0.693624 0.916667 0.118196 0.154762
6 0.287714 0.919643 0.094868 0.141667
13 0.424184 0.499405 0.030327 0.048810
1 0.104199 0.841667 0.069984 0.104762
9 0.948678 0.936310 0.055988 0.079762
4 0.752722 0.611905 0.153966 0.209524
2 0.219285 0.639881 0.147745 0.179762
0 0.043935 0.936905 0.055210 0.071429
7 0.685070 0.758929 0.026439 0.032143
3 0.244557 0.748214 0.126750 0.025000
7 0.713453 0.758929 0.022551 0.027381
7 0.740669 0.761310 0.022551 0.029762
8 0.035770 0.124405 0.035770 0.044048
17 0.742613 0.516071 0.034215 0.046429
3 0.745723 0.738095 0.132193 0.019048
