6 0.489891 0.875595 0.097978 0.155952
9 0.946734 0.934524 0.059876 0.083333
6 0.695179 0.914881 0.116641 0.155952
6 0.588258 0.893452 0.087869 0.163095
0 0.039658 0.935119 0.045101 0.065476
8 0.293935 0.123214 0.034215 0.055952
11 0.849922 0.827381 0.111975 0.064286
6 0.290047 0.917262 0.091757 0.153571
8 0.222395 0.125595 0.032659 0.055952
8 0.146190 0.120238 0.037325 0.054762
17 0.838647 0.548214 0.034992 0.055952
6 0.387247 0.892857 0.099533 0.154762
17 0.519051 0.531548 0.031882 0.046429
7 0.458009 0.753571 0.024883 0.028571
8 0.106143 0.124405 0.036547 0.048810
8 0.182737 0.119048 0.029549 0.052381
8 0.408243 0.124405 0.032659 0.044048
8 0.445956 0.123214 0.033437 0.046429
2 0.229005 0.642857 0.131415 0.180952
8 0.370529 0.123214 0.036547 0.051190
8 0.332815 0.124405 0.032659 0.048810
7 0.613142 0.738095 0.020995 0.028571
1 0.102644 0.839881 0.071540 0.098810
20 0.295490 0.067262 0.026439 0.036905
8 0.258942 0.123810 0.027994 0.050000
13 0.573095 0.285119 0.034215 0.055952
3 0.842146 0.744643 0.150855 0.022619
7 0.196345 0.774405 0.027216 0.034524
20 0.326205 0.067262 0.024106 0.036905
8 0.071540 0.124405 0.029549 0.041667
8 0.033048 0.125595 0.031882 0.039286
20 0.355754 0.066667 0.022551 0.035714
7 0.779938 0.766071 0.024883 0.032143
3 0.676128 0.714286 0.139191 0.019048
27 0.675350 0.518452 0.022551 0.032143
3 0.521384 0.731548 0.146967 0.017857
3 0.242224 0.751786 0.118974 0.013095
4 0.529938 0.650595 0.123639 0.110714
4 0.684292 0.639286 0.130638 0.114286
4 0.851477 0.660119 0.119751 0.115476
