6 0.437403 0.877381 0.098756 0.152381
6 0.541991 0.877976 0.097978 0.155952
6 0.655521 0.899405 0.115086 0.155952
6 0.332426 0.904762 0.103421 0.159524
11 0.850700 0.826786 0.107309 0.060714
13 0.370140 0.576190 0.032659 0.050000
1 0.104588 0.841667 0.070762 0.104762
0 0.044712 0.935714 0.053655 0.073810
2 0.222006 0.641071 0.137636 0.179762
9 0.948678 0.936905 0.055988 0.078571
8 0.110031 0.122619 0.033437 0.047619
8 0.033048 0.125595 0.034992 0.046429
8 0.072706 0.124405 0.030327 0.048810
7 0.194012 0.774405 0.024106 0.027381
10 0.959953 0.847024 0.031882 0.048810
7 0.734837 0.789881 0.021773 0.029762
4 0.746112 0.688690 0.059876 0.101190
3 0.657465 0.748214 0.084759 0.025000
4 0.666407 0.693452 0.038880 0.060714
20 0.294323 0.069643 0.025661 0.034524
20 0.325039 0.067857 0.023328 0.035714
28 0.666796 0.542857 0.041213 0.050000
17 0.762830 0.588690 0.040435 0.053571
3 0.763997 0.771429 0.076983 0.019048
4 0.856921 0.629167 0.049767 0.120238
3 0.855365 0.709524 0.077760 0.019048
27 0.854977 0.508333 0.028771 0.045238
