13 0.499611 0.514286 0.030327 0.050000
6 0.388025 0.896429 0.101089 0.154762
6 0.287714 0.922024 0.094868 0.144048
8 0.295879 0.121429 0.038103 0.057143
6 0.695179 0.914286 0.115086 0.152381
6 0.490280 0.881548 0.097201 0.146429
6 0.587092 0.894048 0.085537 0.154762
2 0.216952 0.641071 0.160187 0.189286
8 0.222006 0.123810 0.031882 0.052381
1 0.102644 0.841667 0.073095 0.102381
8 0.183515 0.119048 0.029549 0.052381
7 0.195568 0.774405 0.025661 0.034524
20 0.295101 0.067262 0.024106 0.034524
2 0.734837 0.606548 0.161742 0.236905
11 0.850311 0.826190 0.106532 0.059524
8 0.146579 0.121429 0.038103 0.057143
0 0.043157 0.936905 0.052100 0.071429
8 0.071151 0.124405 0.030327 0.044048
8 0.258165 0.122024 0.027994 0.048810
20 0.325428 0.066071 0.024106 0.036905
3 0.248445 0.749405 0.128305 0.025000
8 0.106532 0.124405 0.032659 0.046429
8 0.029549 0.124405 0.032659 0.044048
9 0.945568 0.936310 0.055988 0.077381
7 0.648523 0.781548 0.026439 0.029762
17 0.730171 0.439286 0.035770 0.052381
3 0.732115 0.757738 0.192068 0.020238
