8 0.222006 0.123810 0.031882 0.052381
8 0.146579 0.121429 0.038103 0.054762
20 0.294712 0.066071 0.026439 0.036905
8 0.293935 0.123810 0.034215 0.054762
20 0.324650 0.066071 0.024106 0.036905
2 0.230171 0.639881 0.136858 0.191667
8 0.332426 0.124405 0.031882 0.048810
8 0.407465 0.124405 0.032659 0.044048
8 0.370140 0.123810 0.035770 0.050000
20 0.354977 0.067262 0.024106 0.034524
8 0.183515 0.119048 0.029549 0.050000
8 0.445568 0.124405 0.032659 0.046429
8 0.106532 0.124405 0.034215 0.048810
8 0.258165 0.123810 0.027994 0.050000
8 0.071540 0.124405 0.029549 0.041667
8 0.033826 0.126786 0.031882 0.041667
13 0.444790 0.656548 0.032659 0.048810
23 0.670295 0.689286 0.110420 0.107143
11 0.863142 0.739881 0.157076 0.125000
