2 0.217729 0.645833 0.169518 0.196429
8 0.258165 0.123810 0.029549 0.052381
8 0.183515 0.123810 0.027994 0.050000
8 0.295879 0.123810 0.038103 0.057143
8 0.146579 0.123810 0.038103 0.057143
8 0.221229 0.123810 0.031882 0.052381
8 0.108476 0.126786 0.031882 0.046429
8 0.071928 0.126786 0.031882 0.046429
8 0.032271 0.126786 0.031882 0.044048
14 0.500389 0.501190 0.238725 0.071429
13 0.541991 0.426786 0.027994 0.041667
14 0.498834 0.423810 0.240280 0.069048
16 0.498834 0.314286 0.490669 0.107143
20 0.296267 0.066071 0.027994 0.036905
20 0.326205 0.067262 0.024106 0.039286
20 0.354977 0.066071 0.024106 0.039286
11 0.865474 0.740476 0.155521 0.128571
