6 0.652022 0.286310 0.118974 0.144048
6 0.800544 0.291667 0.118974 0.152381
6 0.211120 0.624405 0.120529 0.141667
6 0.361198 0.624405 0.122084 0.141667
6 0.508165 0.283929 0.122084 0.144048
6 0.360809 0.286310 0.118196 0.146429
18 0.364697 0.489881 0.048212 0.025000
18 0.658243 0.492262 0.047434 0.027381
18 0.602644 0.683929 0.057543 0.027381
18 0.509331 0.492262 0.048212 0.027381
8 0.145412 0.121429 0.035770 0.057143
20 0.595645 0.787500 0.026439 0.039286
18 0.524106 0.683333 0.059098 0.023810
19 0.808320 0.676786 0.118974 0.244048
8 0.183904 0.121429 0.030327 0.057143
8 0.293935 0.123810 0.034215 0.057143
6 0.211509 0.286310 0.116641 0.144048
8 0.221229 0.123810 0.030327 0.054762
18 0.679627 0.683929 0.055988 0.029762
18 0.807543 0.489881 0.053655 0.029762
18 0.677294 0.842262 0.051322 0.025000
18 0.215008 0.489881 0.047434 0.027381
8 0.258165 0.123810 0.027994 0.052381
8 0.031882 0.124405 0.034215 0.046429
8 0.333204 0.125000 0.031882 0.050000
8 0.369751 0.123810 0.031882 0.050000
18 0.599922 0.842262 0.052100 0.025000
18 0.520218 0.841667 0.049767 0.023810
18 0.809487 0.824405 0.049767 0.025000
20 0.323872 0.067262 0.022551 0.034524
8 0.070373 0.124405 0.030327 0.044048
20 0.294323 0.069643 0.024106 0.036905
20 0.354977 0.069643 0.022551 0.034524
18 0.216952 0.824405 0.049767 0.027381
18 0.368196 0.826786 0.055210 0.029762
8 0.105365 0.124405 0.030327 0.041667
8 0.409020 0.126786 0.034215 0.036905
8 0.673795 0.629167 0.031882 0.036905
8 0.519440 0.632143 0.035770 0.052381
20 0.518274 0.789881 0.030327 0.041667
20 0.673795 0.794643 0.031882 0.039286
11 0.073484 0.846429 0.140747 0.066667
13 0.512442 0.917262 0.031104 0.048810
8 0.598756 0.627381 0.031104 0.040476
