18 0.522162 0.685119 0.056765 0.025000
18 0.603810 0.684524 0.058320 0.028571
18 0.218118 0.491071 0.050544 0.027381
18 0.512053 0.491667 0.048989 0.026190
6 0.214619 0.624405 0.124417 0.141667
6 0.802100 0.290476 0.122084 0.150000
6 0.359642 0.286310 0.118974 0.146429
6 0.653966 0.288095 0.118196 0.142857
6 0.507387 0.285119 0.120529 0.144048
19 0.809487 0.675000 0.119751 0.242857
18 0.365086 0.491071 0.048989 0.029762
18 0.805988 0.489881 0.048989 0.027381
6 0.211897 0.285119 0.118974 0.144048
18 0.680016 0.683333 0.056765 0.028571
18 0.659409 0.491071 0.048212 0.027381
18 0.217729 0.827381 0.048212 0.028571
20 0.597201 0.792262 0.029549 0.041667
18 0.677294 0.842262 0.048212 0.025000
20 0.674572 0.791667 0.028771 0.042857
13 0.370140 0.724405 0.027994 0.046429
18 0.601089 0.842262 0.051322 0.025000
18 0.520607 0.842262 0.052100 0.027381
8 0.034992 0.125000 0.038880 0.052381
18 0.811820 0.826786 0.046656 0.022619
20 0.324261 0.069048 0.026439 0.040476
20 0.295879 0.072024 0.022551 0.039286
20 0.520995 0.794643 0.031104 0.044048
8 0.519829 0.633929 0.034992 0.048810
8 0.598756 0.630357 0.035770 0.046429
8 0.675350 0.629762 0.036547 0.047619
