6 0.695179 0.916667 0.115086 0.150000
6 0.386081 0.898810 0.098756 0.157143
11 0.849922 0.827381 0.107309 0.059524
6 0.490669 0.879762 0.099533 0.150000
8 0.295490 0.123810 0.035770 0.057143
13 0.402022 0.466071 0.029549 0.048810
0 0.043546 0.939286 0.055988 0.069048
9 0.947123 0.933929 0.055988 0.084524
6 0.288103 0.929167 0.095645 0.132143
2 0.216174 0.645833 0.161742 0.186905
1 0.102255 0.844048 0.073872 0.102381
8 0.146579 0.123810 0.038103 0.057143
8 0.071928 0.124405 0.030327 0.044048
6 0.589036 0.896429 0.089425 0.159524
8 0.183515 0.121429 0.029549 0.052381
8 0.222395 0.125000 0.032659 0.052381
8 0.258165 0.123810 0.027994 0.050000
7 0.195179 0.774405 0.026439 0.032143
4 0.816874 0.661905 0.112753 0.123810
7 0.748445 0.772024 0.024106 0.029762
8 0.031882 0.126786 0.032659 0.044048
8 0.107698 0.124405 0.031882 0.046429
3 0.810653 0.750000 0.148523 0.021429
8 0.333981 0.125000 0.031882 0.050000
17 0.808320 0.581548 0.031882 0.044048
20 0.295490 0.069643 0.026439 0.034524
20 0.325428 0.070833 0.022551 0.029762
20 0.356921 0.069643 0.026439 0.036905
17 0.622084 0.483333 0.034215 0.050000
3 0.248834 0.751190 0.124417 0.023810
3 0.614697 0.731548 0.207621 0.044048
7 0.538491 0.756548 0.025661 0.032143
4 0.624806 0.623810 0.151633 0.169048
