13 0.791991 0.590476 0.030327 0.050000
8 0.146967 0.123214 0.037325 0.058333
8 0.294712 0.124405 0.034215 0.058333
8 0.222395 0.125595 0.032659 0.053571
8 0.184292 0.122619 0.031104 0.054762
8 0.258942 0.123810 0.027994 0.052381
8 0.333204 0.124405 0.031882 0.048810
8 0.072317 0.125595 0.029549 0.044048
20 0.326205 0.068452 0.024106 0.036905
8 0.370918 0.123810 0.034215 0.050000
8 0.032659 0.126190 0.034215 0.045238
20 0.295490 0.069048 0.026439 0.038095
20 0.355754 0.069048 0.024106 0.035714
8 0.107309 0.126190 0.034215 0.047619
8 0.409798 0.126190 0.035770 0.042857
16 0.296656 0.301190 0.513997 0.085714
11 0.653577 0.686310 0.458009 0.055952
11 0.654355 0.751190 0.459565 0.054762
11 0.653188 0.817262 0.461897 0.048810
