0 0.044323 0.937500 0.055988 0.075000
1 0.100700 0.844048 0.075428 0.102381
2 0.216952 0.647024 0.161742 0.184524
3 0.244557 0.748810 0.120529 0.023810
4 0.746501 0.639881 0.087092 0.194048
5 0.749222 0.500000 0.039658 0.059524
3 0.748445 0.764881 0.112753 0.025000
6 0.242613 0.931548 0.101089 0.132143
6 0.341757 0.904762 0.097201 0.150000
6 0.439736 0.875000 0.097201 0.152381
6 0.538103 0.873810 0.093313 0.152381
6 0.634137 0.894048 0.084759 0.159524
6 0.739114 0.919048 0.112753 0.154762
7 0.194401 0.776786 0.026439 0.032143
7 0.220840 0.776786 0.021773 0.032143
7 0.245334 0.774405 0.022551 0.025000
8 0.034603 0.129167 0.031882 0.041667
8 0.073872 0.129167 0.034215 0.044048
8 0.106921 0.126786 0.030327 0.044048
8 0.148523 0.123810 0.035770 0.057143
8 0.183904 0.123810 0.030327 0.052381
8 0.221617 0.127381 0.035770 0.057143
8 0.258942 0.124405 0.026439 0.046429
8 0.297823 0.127381 0.035770 0.054762
9 0.948289 0.939881 0.059876 0.075000
10 0.959176 0.849405 0.031882 0.048810
11 0.851477 0.829762 0.108865 0.069048
13 0.508942 0.483929 0.030327 0.044048
20 0.296267 0.069048 0.026439 0.040476
20 0.325428 0.069048 0.027216 0.042857
20 0.355754 0.069643 0.024106 0.034524
