6 0.754666 0.917262 0.064541 0.153571
6 0.285770 0.905952 0.076983 0.130952
6 0.614697 0.880952 0.076983 0.145238
6 0.531882 0.873214 0.074650 0.132143
4 0.746890 0.642262 0.087869 0.191667
6 0.686625 0.901190 0.062208 0.147619
6 0.841757 0.939881 0.095645 0.113095
13 0.353810 0.273810 0.031104 0.050000
2 0.216174 0.643452 0.161742 0.189286
6 0.446734 0.876786 0.083204 0.129762
6 0.362364 0.885714 0.079316 0.130952
8 0.295879 0.124405 0.038103 0.055952
6 0.218118 0.929167 0.062986 0.132143
8 0.146579 0.123214 0.038103 0.058333
6 0.144246 0.948810 0.075428 0.097619
9 0.949844 0.939286 0.056765 0.071429
10 0.958787 0.848810 0.029549 0.042857
1 0.102255 0.842262 0.072317 0.098810
11 0.849533 0.828571 0.104977 0.059524
7 0.194401 0.775595 0.023328 0.032143
8 0.222395 0.125595 0.032659 0.053571
8 0.107698 0.125000 0.033437 0.047619
20 0.295490 0.069048 0.026439 0.038095
0 0.044712 0.938690 0.055210 0.070238
8 0.183904 0.121429 0.030327 0.052381
8 0.258942 0.123810 0.027994 0.050000
8 0.032271 0.125595 0.034992 0.044048
20 0.325816 0.069048 0.024883 0.038095
8 0.071928 0.126190 0.031882 0.045238
12 0.743390 0.510714 0.043546 0.057143
7 0.220840 0.774405 0.023328 0.029762
7 0.247278 0.774405 0.021773 0.029762
20 0.354977 0.067857 0.024106 0.035714
3 0.244946 0.748810 0.124417 0.028571
3 0.753110 0.766071 0.120529 0.025000
