8 0.294712 0.124405 0.034215 0.058333
8 0.222784 0.125595 0.031882 0.053571
8 0.146967 0.123214 0.037325 0.058333
8 0.258942 0.123810 0.027994 0.052381
8 0.183904 0.122024 0.030327 0.051190
20 0.296267 0.068452 0.026439 0.036905
20 0.326205 0.068452 0.024106 0.036905
8 0.333204 0.124405 0.031882 0.051190
8 0.371306 0.123214 0.034992 0.051190
8 0.071928 0.126190 0.030327 0.045238
20 0.355754 0.069048 0.024106 0.035714
8 0.107309 0.126190 0.034215 0.047619
8 0.032271 0.126190 0.034992 0.045238
8 0.408631 0.125000 0.034992 0.047619
8 0.445956 0.123810 0.031882 0.047619
11 0.416796 0.398810 0.110420 0.154762
11 0.571928 0.400000 0.106532 0.145238
