6 0.386858 0.895238 0.100311 0.152381
6 0.288491 0.921429 0.093313 0.142857
11 0.849533 0.827381 0.106532 0.066667
6 0.695568 0.919048 0.117418 0.157143
6 0.588258 0.895833 0.084759 0.163095
1 0.103810 0.840476 0.072317 0.100000
8 0.294712 0.123810 0.034215 0.054762
13 0.536547 0.430357 0.032659 0.051190
8 0.223173 0.125595 0.032659 0.053571
6 0.492224 0.877381 0.105754 0.154762
8 0.146579 0.123214 0.038103 0.055952
9 0.945956 0.934524 0.059876 0.083333
8 0.259331 0.123810 0.028771 0.050000
20 0.295879 0.069048 0.027216 0.038095
8 0.183515 0.121429 0.031104 0.052381
20 0.325816 0.068452 0.024883 0.036905
20 0.356143 0.068452 0.024883 0.036905
8 0.071928 0.126190 0.030327 0.042857
7 0.195568 0.773810 0.027216 0.035714
7 0.461120 0.757143 0.024883 0.028571
17 0.494557 0.580952 0.032659 0.045238
0 0.042768 0.936310 0.049767 0.070238
3 0.246501 0.751190 0.135303 0.028571
8 0.332815 0.124405 0.032659 0.046429
8 0.370140 0.123810 0.035770 0.050000
7 0.710342 0.769048 0.027216 0.030952
8 0.107309 0.125595 0.034215 0.046429
2 0.226672 0.641071 0.140747 0.184524
17 0.743002 0.597619 0.033437 0.047619
8 0.034215 0.127976 0.032659 0.041667
3 0.494946 0.735119 0.090980 0.025000
17 0.617418 0.587500 0.037325 0.053571
3 0.620918 0.745238 0.084759 0.016667
7 0.586703 0.770238 0.019440 0.023810
4 0.496501 0.649405 0.053655 0.079762
4 0.618196 0.660714 0.054432 0.083333
4 0.750389 0.667262 0.054432 0.072619
3 0.744946 0.749405 0.085537 0.015476
8 0.409798 0.125595 0.035770 0.048810
