13 0.383748 0.672024 0.031882 0.048810
6 0.488336 0.877381 0.101089 0.157143
6 0.386081 0.898810 0.098756 0.154762
6 0.588258 0.894048 0.089425 0.159524
8 0.295101 0.121429 0.038103 0.054762
6 0.287714 0.922024 0.094868 0.144048
4 0.788491 0.654167 0.057543 0.136905
8 0.222006 0.123810 0.031882 0.050000
0 0.043935 0.936905 0.052100 0.073810
1 0.103033 0.841667 0.075428 0.100000
8 0.182348 0.119048 0.030327 0.052381
2 0.216563 0.641071 0.157854 0.189286
20 0.294323 0.067262 0.025661 0.034524
6 0.695179 0.919048 0.116641 0.150000
7 0.220451 0.774405 0.022551 0.032143
20 0.354199 0.064881 0.022551 0.032143
8 0.146579 0.121429 0.038103 0.057143
7 0.195568 0.774405 0.024106 0.032143
11 0.850311 0.826190 0.106532 0.059524
17 0.787325 0.528571 0.030327 0.050000
20 0.325428 0.066071 0.024106 0.036905
8 0.071151 0.124405 0.030327 0.044048
8 0.258165 0.122024 0.027994 0.048810
3 0.789269 0.739286 0.115086 0.021429
9 0.946345 0.931548 0.055988 0.082143
8 0.106532 0.124405 0.032659 0.046429
3 0.247278 0.749405 0.132193 0.025000
7 0.742224 0.761310 0.022551 0.029762
8 0.029549 0.124405 0.032659 0.041667
17 0.644246 0.511905 0.030327 0.050000
4 0.635303 0.644643 0.071540 0.136905
7 0.598367 0.749405 0.022551 0.032143
3 0.644246 0.726190 0.114308 0.014286
