4 0.676905 0.514474 0.104977 0.144737
12 0.166796 0.071053 0.067652 0.036842
0 0.109642 0.136842 0.034215 0.050000
4 0.323484 0.513816 0.104199 0.146053
0 0.072317 0.136842 0.031104 0.050000
21 0.500000 0.292105 0.491446 0.118421
0 0.221617 0.137500 0.035770 0.053947
0 0.446345 0.136184 0.032659 0.053947
0 0.260109 0.137500 0.033437 0.053947
14 0.322706 0.073026 0.023328 0.035526
0 0.409409 0.134868 0.031882 0.051316
14 0.293935 0.072368 0.024883 0.036842
0 0.033826 0.137500 0.036547 0.053947
5 0.497667 0.814474 0.149300 0.068421
0 0.333981 0.136842 0.036547 0.050000
13 0.244168 0.071053 0.052877 0.036842
0 0.185070 0.137500 0.032659 0.059211
0 0.370918 0.136842 0.032659 0.050000
0 0.146579 0.135526 0.033437 0.055263
0 0.296267 0.136184 0.034215 0.053947
14 0.352255 0.073026 0.024883 0.038158
3 0.445568 0.437500 0.023328 0.038158
17 0.537325 0.073026 0.043546 0.040789
3 0.269440 0.439474 0.024106 0.039474
13 0.479782 0.073026 0.046656 0.040789
3 0.622862 0.438158 0.024883 0.039474
0 0.025661 0.079605 0.029549 0.046053
19 0.501166 0.515132 0.100311 0.143421
