19 0.615863 0.882895 0.068429 0.118421
3 0.799378 0.874342 0.021773 0.038158
4 0.453344 0.871711 0.079316 0.125000
17 0.537325 0.071711 0.045101 0.046053
12 0.166796 0.069737 0.069207 0.036842
0 0.445179 0.136842 0.033437 0.055263
0 0.371306 0.137500 0.033437 0.051316
4 0.289269 0.903289 0.071540 0.132895
4 0.369362 0.881579 0.068429 0.128947
4 0.217341 0.925000 0.064541 0.123684
1 0.241446 0.621711 0.118974 0.180263
6 0.103033 0.815789 0.070762 0.113158
7 0.043546 0.932237 0.055988 0.088158
13 0.245723 0.069079 0.054432 0.040789
4 0.155132 0.948026 0.058320 0.098684
0 0.259720 0.138816 0.034215 0.056579
19 0.689736 0.899342 0.063764 0.127632
0 0.072317 0.138816 0.031104 0.051316
0 0.333204 0.136842 0.038103 0.052632
14 0.322317 0.071711 0.024106 0.038158
0 0.295101 0.136184 0.034992 0.056579
0 0.184681 0.137500 0.033437 0.059211
3 0.664463 0.825658 0.022551 0.035526
0 0.409798 0.135526 0.032659 0.055263
0 0.221617 0.138816 0.035770 0.053947
0 0.146190 0.136184 0.032659 0.056579
9 0.631804 0.654605 0.090980 0.019737
19 0.535770 0.868421 0.071540 0.118421
0 0.034603 0.137500 0.036547 0.056579
3 0.582815 0.807895 0.022551 0.036842
3 0.246501 0.856579 0.018663 0.034211
3 0.327372 0.828289 0.024883 0.040789
9 0.737558 0.726974 0.125194 0.022368
5 0.850700 0.809211 0.115086 0.076316
0 0.109253 0.138158 0.034992 0.052632
14 0.352255 0.071711 0.024883 0.038158
3 0.736781 0.846053 0.022551 0.034211
9 0.239114 0.730921 0.136081 0.022368
3 0.409020 0.812500 0.023328 0.038158
8 0.951011 0.930921 0.059098 0.080263
16 0.479005 0.072368 0.045101 0.044737
3 0.501166 0.807237 0.022551 0.032895
9 0.854588 0.687500 0.091757 0.019737
3 0.176516 0.891447 0.021773 0.035526
18 0.825428 0.715789 0.020995 0.028947
3 0.115863 0.931579 0.021773 0.036842
0 0.025272 0.079605 0.033437 0.048684
15 0.291991 0.076316 0.027216 0.039474
4 0.753499 0.930263 0.057543 0.115789
19 0.830871 0.946053 0.094090 0.102632
2 0.630638 0.580921 0.088647 0.096053
2 0.741058 0.590132 0.085537 0.235526
2 0.858865 0.620395 0.090980 0.088158
32 0.632582 0.499342 0.030327 0.051316
32 0.856921 0.521053 0.034215 0.068421
18 0.602644 0.683553 0.017107 0.030263
33 0.740669 0.409868 0.033437 0.053947
