4 0.362753 0.453289 0.103421 0.148684
4 0.499222 0.453947 0.102644 0.144737
12 0.181571 0.071053 0.066096 0.031579
5 0.071540 0.831579 0.141524 0.068421
0 0.071151 0.137500 0.030327 0.051316
4 0.499222 0.762500 0.104199 0.146053
3 0.720451 0.379605 0.025661 0.040789
0 0.109642 0.136184 0.029549 0.053947
19 0.225505 0.455263 0.104199 0.144737
0 0.034215 0.138158 0.032659 0.047368
3 0.583204 0.379605 0.026439 0.040789
3 0.308320 0.690789 0.025661 0.042105
0 0.146967 0.134868 0.034215 0.056579
3 0.171073 0.380263 0.026439 0.042105
3 0.170295 0.691447 0.024883 0.040789
3 0.444790 0.690789 0.024883 0.042105
3 0.445568 0.380263 0.026439 0.042105
14 0.335925 0.074342 0.024883 0.038158
13 0.258165 0.072368 0.049767 0.034211
3 0.307932 0.380263 0.026439 0.042105
14 0.305599 0.073684 0.023328 0.034211
17 0.550544 0.072368 0.040435 0.031579
4 0.226672 0.762500 0.108087 0.151316
4 0.363530 0.767105 0.104977 0.142105
0 0.183904 0.134211 0.031882 0.060526
0 0.221617 0.133553 0.031104 0.059211
0 0.258554 0.132237 0.027216 0.059211
0 0.295879 0.136184 0.030327 0.053947
0 0.334759 0.138158 0.031882 0.052632
0 0.371695 0.136184 0.029549 0.056579
0 0.407854 0.134211 0.025661 0.055263
16 0.493390 0.071711 0.042768 0.038158
4 0.638414 0.453947 0.102644 0.144737
4 0.776050 0.456579 0.101089 0.150000
