13 0.368585 0.454167 0.027994 0.046429
11 0.849145 0.823810 0.108865 0.061905
8 0.295490 0.123810 0.035770 0.057143
6 0.608865 0.886905 0.073095 0.159524
9 0.945568 0.936310 0.055988 0.077381
6 0.689347 0.909524 0.084759 0.164286
0 0.045490 0.936310 0.055210 0.075000
6 0.790047 0.931548 0.108865 0.129762
2 0.215397 0.642262 0.161742 0.189286
6 0.526050 0.868452 0.076983 0.148810
8 0.146579 0.123810 0.038103 0.057143
8 0.069596 0.124405 0.030327 0.044048
8 0.221229 0.123810 0.031882 0.052381
6 0.441291 0.875000 0.083204 0.150000
8 0.183515 0.121429 0.029549 0.052381
7 0.193235 0.774405 0.024106 0.032143
6 0.356532 0.891071 0.081649 0.144048
1 0.102644 0.841667 0.073095 0.100000
6 0.193235 0.936905 0.092535 0.114286
8 0.258165 0.123810 0.027994 0.050000
6 0.276439 0.912500 0.083204 0.146429
7 0.220840 0.774405 0.021773 0.029762
4 0.790047 0.636310 0.088647 0.191667
8 0.106921 0.124405 0.031882 0.046429
4 0.662131 0.573810 0.112753 0.121429
3 0.785770 0.764286 0.104977 0.021429
8 0.333204 0.123810 0.031882 0.050000
7 0.246501 0.774405 0.026439 0.029762
8 0.031882 0.126786 0.034215 0.044048
3 0.658243 0.658929 0.140747 0.025000
22 0.659798 0.469643 0.031882 0.048810
5 0.791602 0.504167 0.035770 0.044048
20 0.295879 0.067262 0.025661 0.034524
20 0.325428 0.067262 0.024106 0.034524
20 0.354977 0.069643 0.022551 0.034524
7 0.602644 0.680952 0.020218 0.021429
3 0.244946 0.752976 0.115086 0.015476
