0 0.108077 0.878356 0.051538 0.059398
1 0.241923 0.575671 0.051538 0.059398
2 0.844231 0.651343 0.051538 0.059398
3 0.777308 0.727014 0.051538 0.059398
4 0.375769 0.197315 0.051538 0.059398
5 0.175000 0.802685 0.051538 0.059398
6 0.175000 0.272986 0.051538 0.059398
7 0.241923 0.878356 0.051538 0.059398
8 0.175000 0.121644 0.051538 0.059398
9 0.308846 0.954028 0.051538 0.059398
10 0.576538 0.575671 0.051538 0.059398
11 0.041154 0.802685 0.051538 0.059398
12 0.375769 0.121644 0.051538 0.059398
13 0.509615 0.727014 0.051538 0.059398
14 0.041154 0.878356 0.051538 0.059398
15 0.576538 0.954028 0.051538 0.059398
16 0.844231 0.500000 0.051538 0.059398
17 0.175000 0.954028 0.051538 0.059398
18 0.844231 0.727014 0.051538 0.059398
19 0.777308 0.272986 0.051538 0.059398
20 0.375769 0.651343 0.051538 0.059398
21 0.777308 0.878356 0.051538 0.059398
22 0.175000 0.651343 0.051538 0.059398
23 0.710385 0.954028 0.051538 0.059398
24 0.442692 0.802685 0.051538 0.059398
25 0.108077 0.727014 0.051538 0.059398
26 0.777308 0.651343 0.051538 0.059398
27 0.108077 0.575671 0.051538 0.059398
28 0.576538 0.197315 0.051538 0.059398
29 0.375769 0.802685 0.051538 0.059398
30 0.509615 0.651343 0.051538 0.059398
31 0.911154 0.575671 0.051538 0.059398
32 0.710385 0.424329 0.051538 0.059398
33 0.442692 0.197315 0.051538 0.059398
34 0.241923 0.727014 0.051538 0.059398
35 0.844231 0.045972 0.051538 0.059398
36 0.241923 0.272986 0.051538 0.059398
37 0.710385 0.348657 0.051538 0.059398
38 0.576538 0.727014 0.051538 0.059398
39 0.576538 0.802685 0.051538 0.059398
40 0.911154 0.500000 0.051538 0.059398
41 0.041154 0.727014 0.051538 0.059398
42 0.041154 0.197315 0.051538 0.059398
43 0.911154 0.651343 0.051538 0.059398
44 0.844231 0.121644 0.051538 0.059398
45 0.844231 0.272986 0.051538 0.059398
46 0.643462 0.575671 0.051538 0.059398
47 0.777308 0.121644 0.051538 0.059398
48 0.777308 0.197315 0.051538 0.059398
49 0.576538 0.878356 0.051538 0.059398
50 0.643462 0.424329 0.051538 0.059398
51 0.643462 0.197315 0.051538 0.059398
52 0.643462 0.121644 0.051538 0.059398
53 0.442692 0.878356 0.051538 0.059398
54 0.844231 0.802685 0.051538 0.059398
55 0.643462 0.727014 0.051538 0.059398
56 0.442692 0.045972 0.051538 0.059398
57 0.710385 0.045972 0.051538 0.059398
58 0.108077 0.802685 0.051538 0.059398
59 0.041154 0.500000 0.051538 0.059398
60 0.710385 0.272986 0.051538 0.059398
61 0.509615 0.878356 0.051538 0.059398
62 0.175000 0.045972 0.051538 0.059398
63 0.911154 0.197315 0.051538 0.059398
64 0.643462 0.878356 0.051538 0.059398
65 0.308846 0.348657 0.051538 0.059398
66 0.041154 0.575671 0.051538 0.059398
67 0.041154 0.348657 0.051538 0.059398
68 0.308846 0.575671 0.051538 0.059398
69 0.844231 0.878356 0.051538 0.059398
70 0.509615 0.121644 0.051538 0.059398
71 0.576538 0.424329 0.051538 0.059398
72 0.375769 0.272986 0.051538 0.059398
73 0.844231 0.575671 0.051538 0.059398
74 0.442692 0.500000 0.051538 0.059398
75 0.777308 0.500000 0.051538 0.059398
76 0.308846 0.878356 0.051538 0.059398
77 0.509615 0.575671 0.051538 0.059398
78 0.375769 0.348657 0.051538 0.059398
79 0.509615 0.500000 0.051538 0.059398
80 0.911154 0.045972 0.051538 0.059398
81 0.108077 0.045972 0.051538 0.059398
82 0.643462 0.348657 0.051538 0.059398
83 0.041154 0.651343 0.051538 0.059398
84 0.442692 0.348657 0.051538 0.059398
85 0.643462 0.802685 0.051538 0.059398
86 0.108077 0.348657 0.051538 0.059398
87 0.175000 0.197315 0.051538 0.059398
88 0.241923 0.424329 0.051538 0.059398
89 0.844231 0.197315 0.051538 0.059398
90 0.777308 0.348657 0.051538 0.059398
91 0.442692 0.575671 0.051538 0.059398
92 0.911154 0.121644 0.051538 0.059398
93 0.777308 0.045972 0.051538 0.059398
94 0.308846 0.272986 0.051538 0.059398
95 0.108077 0.954028 0.051538 0.059398
96 0.643462 0.045972 0.051538 0.059398
97 0.777308 0.424329 0.051538 0.059398
98 0.375769 0.727014 0.051538 0.059398
99 0.241923 0.954028 0.051538 0.059398
100 0.108077 0.500000 0.051538 0.059398
101 0.241923 0.500000 0.051538 0.059398
102 0.108077 0.272986 0.051538 0.059398
103 0.509615 0.272986 0.051538 0.059398
104 0.308846 0.424329 0.051538 0.059398
105 0.643462 0.500000 0.051538 0.059398
106 0.643462 0.954028 0.051538 0.059398
107 0.241923 0.348657 0.051538 0.059398
108 0.308846 0.500000 0.051538 0.059398
109 0.308846 0.045972 0.051538 0.059398
110 0.710385 0.802685 0.051538 0.059398
111 0.710385 0.727014 0.051538 0.059398
112 0.911154 0.727014 0.051538 0.059398
113 0.710385 0.121644 0.051538 0.059398
114 0.041154 0.954028 0.051538 0.059398
115 0.375769 0.500000 0.051538 0.059398
116 0.108077 0.424329 0.051538 0.059398
117 0.710385 0.878356 0.051538 0.059398
118 0.041154 0.121644 0.051538 0.059398
119 0.308846 0.727014 0.051538 0.059398
120 0.241923 0.651343 0.051538 0.059398
121 0.911154 0.802685 0.051538 0.059398
122 0.576538 0.045972 0.051538 0.059398
123 0.241923 0.802685 0.051538 0.059398
124 0.710385 0.651343 0.051538 0.059398
125 0.844231 0.424329 0.051538 0.059398
126 0.509615 0.045972 0.051538 0.059398
127 0.375769 0.878356 0.051538 0.059398
128 0.108077 0.651343 0.051538 0.059398
129 0.041154 0.272986 0.051538 0.059398
130 0.442692 0.954028 0.051538 0.059398
131 0.576538 0.348657 0.051538 0.059398
132 0.911154 0.424329 0.051538 0.059398
133 0.041154 0.045972 0.051538 0.059398
134 0.375769 0.424329 0.051538 0.059398
135 0.911154 0.272986 0.051538 0.059398
136 0.241923 0.197315 0.051538 0.059398
137 0.375769 0.575671 0.051538 0.059398
138 0.108077 0.121644 0.051538 0.059398
139 0.175000 0.575671 0.051538 0.059398
140 0.777308 0.802685 0.051538 0.059398
141 0.509615 0.954028 0.051538 0.059398
142 0.175000 0.348657 0.051538 0.059398
143 0.643462 0.272986 0.051538 0.059398
144 0.375769 0.954028 0.051538 0.059398
145 0.509615 0.802685 0.051538 0.059398
146 0.108077 0.197315 0.051538 0.059398
147 0.710385 0.197315 0.051538 0.059398
148 0.576538 0.651343 0.051538 0.059398
149 0.175000 0.878356 0.051538 0.059398
150 0.710385 0.500000 0.051538 0.059398
151 0.442692 0.424329 0.051538 0.059398
152 0.442692 0.727014 0.051538 0.059398
153 0.308846 0.651343 0.051538 0.059398
154 0.844231 0.348657 0.051538 0.059398
155 0.710385 0.575671 0.051538 0.059398
156 0.241923 0.121644 0.051538 0.059398
157 0.509615 0.348657 0.051538 0.059398
158 0.241923 0.045972 0.051538 0.059398
159 0.509615 0.424329 0.051538 0.059398
160 0.911154 0.348657 0.051538 0.059398
161 0.308846 0.802685 0.051538 0.059398
162 0.308846 0.197315 0.051538 0.059398
163 0.442692 0.272986 0.051538 0.059398
164 0.308846 0.121644 0.051538 0.059398
165 0.643462 0.651343 0.051538 0.059398
166 0.509615 0.197315 0.051538 0.059398
167 0.175000 0.727014 0.051538 0.059398
168 0.175000 0.424329 0.051538 0.059398
169 0.777308 0.575671 0.051538 0.059398
170 0.576538 0.121644 0.051538 0.059398
171 0.442692 0.651343 0.051538 0.059398
172 0.911154 0.878356 0.051538 0.059398
173 0.576538 0.272986 0.051538 0.059398
174 0.576538 0.500000 0.051538 0.059398
175 0.442692 0.121644 0.051538 0.059398
176 0.375769 0.045972 0.051538 0.059398
177 0.175000 0.500000 0.051538 0.059398
178 0.041154 0.424329 0.051538 0.059398