0 0.030893 0.119196 0.036864 0.054464
0 0.069055 0.119643 0.034268 0.050000
5 0.070353 0.826339 0.140706 0.077679
0 0.107217 0.118750 0.033749 0.050000
0 0.145119 0.119196 0.031672 0.052679
12 0.162773 0.052679 0.063863 0.039286
0 0.179907 0.118304 0.032710 0.054464
0 0.218069 0.118750 0.030114 0.053571
13 0.240914 0.053125 0.053998 0.041964
14 0.290758 0.056696 0.024922 0.043750
14 0.319315 0.058482 0.024922 0.041964
14 0.350467 0.056696 0.024922 0.043750
16 0.477674 0.056250 0.046729 0.046429
40 0.558152 0.635714 0.039460 0.064286
41 0.564382 0.748214 0.041537 0.069643
41 0.503894 0.856696 0.041018 0.077679
