0 0.072317 0.135526 0.034215 0.052632
13 0.242613 0.070395 0.048212 0.035526
12 0.166796 0.069737 0.067652 0.034211
8 0.947123 0.927632 0.055988 0.076316
0 0.146190 0.135526 0.032659 0.052632
0 0.220062 0.134211 0.034215 0.050000
0 0.185070 0.134211 0.032659 0.052632
9 0.236392 0.727632 0.132193 0.021053
5 0.848756 0.806579 0.111198 0.071053
15 0.349533 0.075000 0.025661 0.039474
0 0.032659 0.134211 0.035770 0.052632
7 0.041602 0.926974 0.053655 0.077632
0 0.258942 0.132895 0.035770 0.052632
0 0.108476 0.134868 0.030327 0.056579
20 0.957621 0.828947 0.030327 0.050000
14 0.321540 0.072368 0.022551 0.039474
3 0.340980 0.827632 0.024106 0.039474
3 0.445568 0.802632 0.026439 0.039474
16 0.477061 0.072368 0.044323 0.044737
2 0.725505 0.603289 0.124417 0.196053
6 0.103033 0.813158 0.069207 0.110526
3 0.644246 0.832895 0.025661 0.042105
3 0.247667 0.864474 0.022551 0.039474
3 0.549767 0.807895 0.026439 0.042105
14 0.291213 0.073684 0.024106 0.039474
9 0.746112 0.707895 0.095645 0.021053
1 0.237947 0.607895 0.119751 0.192105
