0 0.031153 0.121429 0.034268 0.050000
5 0.069834 0.826786 0.139668 0.075000
0 0.070093 0.120089 0.029076 0.050893
0 0.107996 0.120089 0.037383 0.052679
0 0.146158 0.119196 0.031672 0.054464
12 0.175753 0.053125 0.063863 0.038393
0 0.182243 0.118750 0.034268 0.055357
0 0.218328 0.118304 0.029595 0.056250
13 0.255711 0.053571 0.052440 0.041071
0 0.255971 0.119196 0.035306 0.056250
40 0.290498 0.771875 0.033749 0.059821
14 0.302700 0.055804 0.024922 0.041964
14 0.332555 0.054911 0.023364 0.040179
41 0.349169 0.876339 0.039979 0.074107
14 0.362669 0.055357 0.025441 0.042857
16 0.490654 0.057143 0.045691 0.050000
40 0.345016 0.758036 0.031672 0.053571
