13 0.256998 0.073026 0.052100 0.040789
14 0.335148 0.075658 0.023328 0.040789
6 0.103421 0.826974 0.069984 0.106579
12 0.180016 0.073026 0.069207 0.038158
1 0.215008 0.594737 0.164075 0.207895
2 0.755832 0.687500 0.043546 0.046053
8 0.949456 0.923684 0.059098 0.078947
9 0.240669 0.724342 0.140747 0.040789
5 0.850311 0.807237 0.111198 0.072368
16 0.491058 0.073684 0.044323 0.042105
2 0.852644 0.652632 0.047434 0.044737
2 0.500778 0.637500 0.052877 0.051316
14 0.305210 0.074342 0.025661 0.040789
3 0.447123 0.802632 0.023328 0.039474
7 0.040047 0.929605 0.052100 0.077632
9 0.498445 0.685526 0.074650 0.018421
3 0.340980 0.827632 0.022551 0.039474
3 0.643857 0.836842 0.024883 0.044737
0 0.034603 0.137500 0.031882 0.048684
3 0.247667 0.866447 0.024106 0.040789
0 0.071151 0.135526 0.033437 0.052632
0 0.109253 0.137500 0.030327 0.053947
2 0.667185 0.646053 0.041991 0.052632
3 0.549767 0.812500 0.024883 0.040789
9 0.852644 0.703289 0.076983 0.017105
2 0.583593 0.671053 0.045879 0.050000
9 0.665630 0.701316 0.076205 0.018421
14 0.363919 0.075658 0.024883 0.040789
9 0.583593 0.727632 0.075428 0.021053
9 0.753888 0.742105 0.072317 0.018421
