0 0.032191 0.122768 0.033229 0.049107
5 0.070093 0.827679 0.140186 0.075000
0 0.070093 0.120982 0.029076 0.050893
0 0.107477 0.121875 0.037383 0.054464
0 0.145379 0.121429 0.031153 0.053571
12 0.176272 0.054018 0.064901 0.038393
0 0.181724 0.121429 0.037383 0.055357
0 0.219886 0.119643 0.030633 0.057143
13 0.255452 0.054911 0.050883 0.040179
14 0.302181 0.057143 0.025961 0.042857
14 0.332295 0.056250 0.023884 0.039286
14 0.362669 0.056250 0.025441 0.041071
16 0.489616 0.058036 0.047767 0.048214
40 0.347612 0.728571 0.030633 0.058929
41 0.425753 0.834375 0.039460 0.075893
40 0.417186 0.733482 0.028557 0.058036
42 0.500519 0.450000 0.212876 0.382143
