0 0.031153 0.119196 0.037383 0.054464
0 0.069574 0.120089 0.033229 0.050893
5 0.070353 0.827232 0.140706 0.075893
0 0.107996 0.119196 0.033229 0.050893
0 0.145379 0.119196 0.031153 0.054464
12 0.161734 0.053125 0.060748 0.038393
0 0.181983 0.118750 0.031672 0.055357
0 0.218588 0.120089 0.029076 0.052679
13 0.240395 0.053125 0.052960 0.038393
0 0.255192 0.119196 0.031672 0.058036
14 0.290239 0.055804 0.024922 0.041964
0 0.294133 0.121429 0.033749 0.051786
14 0.320093 0.057143 0.025441 0.042857
0 0.332814 0.121429 0.035306 0.053571
14 0.350987 0.056250 0.024922 0.041071
16 0.476376 0.058036 0.046210 0.048214
42 0.502596 0.316071 0.210800 0.360714
