0 0.031412 0.119196 0.036864 0.054464
0 0.069055 0.119196 0.034268 0.050893
5 0.070093 0.826786 0.140186 0.076786
0 0.107736 0.118304 0.033749 0.050893
0 0.144860 0.119196 0.031153 0.052679
12 0.163292 0.052679 0.063863 0.039286
0 0.181724 0.117857 0.031153 0.053571
0 0.217809 0.120089 0.029595 0.052679
13 0.241433 0.052679 0.053998 0.039286
0 0.255711 0.118750 0.031672 0.058929
14 0.290498 0.056696 0.024403 0.041964
14 0.319574 0.057589 0.024403 0.041964
14 0.349948 0.056696 0.024922 0.041964
16 0.476116 0.055357 0.044652 0.046429
40 0.484164 0.533929 0.036864 0.069643
40 0.620717 0.524107 0.036864 0.071429
41 0.559190 0.636607 0.041537 0.073214
41 0.567238 0.816964 0.041018 0.071429
41 0.559190 0.956696 0.041537 0.068750
42 0.490914 0.273214 0.252856 0.357143
