0 0.031672 0.120089 0.036345 0.054464
0 0.069834 0.120089 0.033749 0.050893
5 0.071132 0.827679 0.142264 0.076786
0 0.108255 0.119196 0.033749 0.050893
0 0.145379 0.120089 0.030114 0.054464
12 0.163292 0.054018 0.063863 0.040179
0 0.182243 0.121429 0.031153 0.057143
0 0.218588 0.120536 0.030114 0.053571
13 0.241952 0.053571 0.053998 0.039286
0 0.255711 0.120089 0.031672 0.058036
14 0.290758 0.057589 0.024922 0.041964
14 0.319834 0.058482 0.024922 0.043750
14 0.350467 0.057589 0.025961 0.043750
16 0.476895 0.058482 0.048287 0.049107
42 0.494548 0.356250 0.247664 0.410714
41 0.485722 0.639732 0.044133 0.070536
41 0.559190 0.745982 0.042575 0.079464
41 0.568536 0.925000 0.043614 0.076786
