1 0.238725 0.615789 0.116641 0.178947
12 0.166019 0.066447 0.069207 0.035526
0 0.555599 0.133553 0.036547 0.056579
0 0.331260 0.134868 0.034215 0.056579
3 0.445179 0.794737 0.024106 0.039474
0 0.405132 0.134211 0.032659 0.052632
0 0.443624 0.134211 0.031882 0.052632
3 0.642302 0.817763 0.026439 0.040789
2 0.714230 0.523026 0.207621 0.314474
0 0.517496 0.131579 0.030327 0.052632
5 0.848756 0.807895 0.118974 0.076316
0 0.479393 0.132895 0.030327 0.047368
8 0.947123 0.926974 0.055988 0.072368
13 0.240280 0.067105 0.049767 0.039474
0 0.368585 0.133553 0.035770 0.053947
6 0.102255 0.810526 0.069207 0.113158
3 0.340980 0.817105 0.025661 0.039474
3 0.248445 0.848684 0.024106 0.039474
0 0.144635 0.134868 0.034215 0.053947
0 0.219285 0.136842 0.034215 0.052632
0 0.071540 0.135526 0.032659 0.052632
0 0.032659 0.134211 0.035770 0.052632
7 0.041991 0.925000 0.055988 0.084211
0 0.183515 0.135526 0.032659 0.057895
3 0.549378 0.801316 0.025661 0.042105
0 0.258165 0.135526 0.035770 0.057895
14 0.321540 0.068421 0.024106 0.039474
14 0.289658 0.069079 0.024106 0.040789
0 0.294323 0.134868 0.031882 0.056579
14 0.351089 0.068421 0.022551 0.039474
3 0.726283 0.842105 0.026439 0.044737
0 0.108476 0.134868 0.031882 0.056579
14 0.408243 0.067105 0.026439 0.039474
16 0.478616 0.067105 0.047434 0.039474
3 0.165241 0.889474 0.024106 0.039474
14 0.376750 0.068421 0.024106 0.039474
9 0.716174 0.708553 0.255054 0.014474
9 0.241835 0.733553 0.132193 0.019737
