0 0.031153 0.121875 0.032191 0.050893
5 0.069834 0.827232 0.139668 0.077679
0 0.069834 0.122321 0.034787 0.051786
0 0.106957 0.120536 0.032191 0.058929
0 0.147715 0.122768 0.039979 0.058036
12 0.176012 0.054911 0.064382 0.040179
0 0.183281 0.120536 0.031153 0.055357
13 0.254154 0.054464 0.052440 0.042857
14 0.304258 0.054464 0.021807 0.041071
15 0.332035 0.057143 0.024403 0.041071
15 0.362150 0.058036 0.026480 0.042857
16 0.488577 0.057143 0.041537 0.050000
44 0.495587 0.914732 0.035826 0.047321
