13 0.781493 0.881548 0.027994 0.044048
8 0.295490 0.123810 0.035770 0.057143
2 0.215397 0.642262 0.161742 0.186905
8 0.146579 0.123810 0.038103 0.057143
8 0.071928 0.124405 0.030327 0.044048
8 0.222395 0.125000 0.032659 0.052381
8 0.183515 0.121429 0.029549 0.052381
8 0.258165 0.123810 0.027994 0.050000
8 0.031882 0.126786 0.032659 0.044048
8 0.107698 0.124405 0.031882 0.046429
8 0.333981 0.125000 0.031882 0.050000
21 0.655910 0.704762 0.193624 0.202381
20 0.295490 0.069643 0.026439 0.039286
20 0.326205 0.067262 0.024106 0.041667
20 0.354977 0.069643 0.024106 0.034524
11 0.867030 0.741071 0.147745 0.125000
