6 0.320762 0.508929 0.125194 0.144048
6 0.496890 0.508929 0.124417 0.144048
6 0.675739 0.488690 0.161742 0.198810
8 0.258942 0.123810 0.029549 0.052381
11 0.496501 0.785714 0.150078 0.052381
8 0.184292 0.123810 0.027994 0.050000
8 0.296656 0.125000 0.038103 0.057143
8 0.147356 0.123810 0.038103 0.057143
8 0.222395 0.125000 0.032659 0.052381
8 0.108476 0.126786 0.031882 0.046429
8 0.073095 0.126786 0.032659 0.046429
2 0.215785 0.651786 0.165630 0.186905
8 0.033437 0.126786 0.032659 0.044048
16 0.499611 0.311905 0.489114 0.104762
13 0.730949 0.693452 0.027994 0.044048
20 0.295879 0.068452 0.027216 0.036905
20 0.326205 0.067857 0.025661 0.038095
20 0.356921 0.066667 0.029549 0.038095
