6 0.506998 0.285119 0.118196 0.144048
6 0.363142 0.286905 0.122862 0.147619
13 0.473561 0.575595 0.026439 0.044048
6 0.212286 0.288095 0.118196 0.145238
6 0.361975 0.627976 0.122084 0.144048
6 0.213064 0.626786 0.118196 0.144048
8 0.296656 0.125000 0.038103 0.057143
8 0.183904 0.122619 0.028771 0.054762
8 0.147356 0.123810 0.038103 0.057143
8 0.223173 0.126190 0.031104 0.052381
8 0.258554 0.125595 0.028771 0.053571
8 0.034215 0.126190 0.035770 0.047619
8 0.073484 0.126190 0.031882 0.047619
8 0.109253 0.126786 0.031882 0.039286
8 0.519829 0.629762 0.036547 0.047619
8 0.598367 0.634524 0.034992 0.040476
8 0.676516 0.630952 0.031104 0.040476
6 0.801711 0.294643 0.119751 0.155952
6 0.655521 0.291071 0.119751 0.144048
18 0.218118 0.492857 0.048989 0.028571
18 0.364697 0.492857 0.048212 0.028571
18 0.510886 0.493452 0.049767 0.025000
18 0.660575 0.492262 0.055210 0.027381
18 0.805599 0.491071 0.046656 0.029762
18 0.217729 0.826786 0.046656 0.029762
18 0.368196 0.829167 0.056765 0.027381
18 0.524106 0.685714 0.057543 0.023810
18 0.601866 0.686310 0.052877 0.029762
18 0.679627 0.685119 0.054432 0.029762
18 0.521773 0.845833 0.051322 0.022619
18 0.599922 0.844048 0.053655 0.026190
18 0.680016 0.842857 0.058320 0.028571
19 0.810653 0.680357 0.120529 0.251190
18 0.813375 0.827976 0.054432 0.025000
20 0.520995 0.790476 0.026439 0.040476
20 0.597978 0.790476 0.027994 0.040476
20 0.674961 0.790476 0.031104 0.040476
20 0.296656 0.069048 0.025661 0.033333
20 0.325816 0.070238 0.021773 0.035714
20 0.356143 0.072619 0.023328 0.033333
