12 0.166407 0.071711 0.066874 0.035526
19 0.534992 0.869737 0.065319 0.123684
0 0.410187 0.136184 0.033437 0.053947
14 0.294323 0.073026 0.025661 0.038158
14 0.322317 0.073026 0.024106 0.038158
0 0.445956 0.136184 0.033437 0.053947
19 0.756221 0.920395 0.059876 0.132895
17 0.537714 0.073026 0.042768 0.040789
0 0.371695 0.138158 0.032659 0.052632
19 0.452177 0.871053 0.083204 0.121053
0 0.260498 0.140789 0.034215 0.055263
0 0.034603 0.139474 0.036547 0.055263
14 0.352644 0.072368 0.025661 0.039474
4 0.369751 0.880921 0.067652 0.127632
8 0.949067 0.935526 0.058320 0.078947
0 0.072706 0.139474 0.030327 0.052632
11 0.721229 0.438158 0.039658 0.065789
0 0.297434 0.138158 0.033437 0.055263
4 0.216563 0.923684 0.064541 0.121053
5 0.850311 0.809868 0.112753 0.075000
13 0.245334 0.070395 0.052100 0.038158
0 0.222006 0.139474 0.036547 0.055263
0 0.333593 0.140132 0.037325 0.056579
0 0.108865 0.138158 0.034215 0.050000
4 0.689347 0.897368 0.061431 0.134211
9 0.722395 0.704605 0.169518 0.027632
2 0.715397 0.587500 0.132193 0.196053
0 0.185459 0.138816 0.031882 0.059211
3 0.663297 0.825658 0.021773 0.038158
0 0.146967 0.136842 0.032659 0.055263
9 0.240280 0.730921 0.136858 0.025000
3 0.583204 0.807895 0.021773 0.034211
4 0.290047 0.902632 0.069984 0.128947
3 0.327760 0.828947 0.024106 0.044737
0 0.026050 0.080921 0.031882 0.048684
4 0.614697 0.876974 0.073872 0.122368
4 0.833593 0.941447 0.090202 0.101316
3 0.739502 0.847368 0.023328 0.036842
3 0.798989 0.869737 0.022551 0.039474
7 0.046656 0.929605 0.052877 0.088158
6 0.103033 0.817763 0.069207 0.111842
1 0.239891 0.617763 0.115863 0.185526
18 0.657465 0.736842 0.020995 0.031579
4 0.154355 0.949342 0.055210 0.101316
3 0.116641 0.930263 0.020218 0.039474
3 0.177294 0.892763 0.024883 0.030263
3 0.247667 0.858553 0.020995 0.030263
3 0.410187 0.813158 0.024106 0.034211
3 0.500778 0.806579 0.026439 0.042105
16 0.481337 0.071711 0.043546 0.046053
